# Output file containing the functional from each flavor 

# xf(x) = <xf>*x^Sc1*(1-x)^Sc2*(1+fbezier(x)) 

# gluon -- metamorph 0
<xf> = 0.192425
Scm[1] = -0.494963
Scm[2] = 2.82713

C[0] = 7.57267e-10
C[1] = -6.73891e-07
# sea  -- metamorph 1
<xf> = 0.316349
Scm[1] = 0.481045
Scm[2] = 4.45543

C[0] = 4.71215e-09
C[1] = -4.19333e-06
# valence  -- metamorph 2
<xf> = 0.491226
Scm[1] = 0.284923
Scm[2] = 0.975318

C[0] = -0.00741519
C[1] = 6.59877
