# Output file containing the functional from each flavor 

# xf(x) = <xf>*x^Sc1*(1-x)^Sc2*(1+fbezier(x)) 

# gluon -- metamorph 0
<xf> = 0.261954
Scm[1] = -0.327167
Scm[2] = 2.62779

C[0] = 0
C[1] = 0
# sea  -- metamorph 1
<xf> = 0.181326
Scm[1] = 0.127783
Scm[2] = 8.01737

C[0] = -0.781202
C[1] = 3.78391
C[2] = -4.83308
# valence  -- metamorph 2
<xf> = 0.556719
Scm[1] = 0.736823
Scm[2] = 0.906674

C[0] = -0.0220869
C[1] = 0.106982
C[2] = -0.136645
