# Output file containing the functional from each flavor 

# xf(x) = <xf>*x^Sc1*(1-x)^Sc2*(1+fbezier(x)) 

# gluon -- metamorph 0
<xf> = 0.267707
Scm[1] = -0.374257
Scm[2] = 2.82621

C[0] = -7.96379e-05
C[1] = 0.0708697
# sea  -- metamorph 1
<xf> = 0.180408
Scm[1] = 0.732935
Scm[2] = 8.18723

C[0] = -2.51057e-05
C[1] = 0.0223415
# valence  -- metamorph 2
<xf> = 0.551885
Scm[1] = 0.743198
Scm[2] = 0.95178

C[0] = -3.70836e-06
C[1] = 0.00330007
