# Output file containing the functional from each flavor 

# xf(x) = <xf>*x^Sc1*(1-x)^Sc2*(1+fbezier(x)) 

# gluon -- metamorph 0
<xf> = 0.134672
Scm[1] = 1.35908
Scm[2] = 89.0684

C[0] = 9.53629e-10
C[1] = -4.24541e-07
C[2] = 4.00112e-07
# sea  -- metamorph 1
<xf> = 0.427262
Scm[1] = 0.938594
Scm[2] = 4.47589

C[0] = 0.000101614
C[1] = -1.54444
C[2] = 1.45632
# valence  -- metamorph 2
<xf> = 0.438066
Scm[1] = 0.0667378
Scm[2] = 0.924354

C[0] = -0.964013
C[1] = -0.371616
C[2] = 0.564709
