# Output file containing the functional from each flavor 

# xf(x) = <xf>*x^Sc1*(1-x)^Sc2*(1+fbezier(x)) 

# gluon -- metamorph 0
<xf> = 0.0919846
Scm[1] = -0.85868
Scm[2] = -0.855299

C[0] = 15.7921
C[1] = 38.4722
C[2] = -39.788
# sea  -- metamorph 1
<xf> = 0.486538
Scm[1] = 0.662401
Scm[2] = 2.90207

C[0] = 0.257413
C[1] = -1.48175
C[2] = 1.34
# valence  -- metamorph 2
<xf> = 0.421477
Scm[1] = 0.151727
Scm[2] = 0.858755

C[0] = -0.880613
C[1] = -0.26743
C[2] = 0.447928
