SetDesc: "Minimal parameterisation. NLO positive pion fitted to Drell-Yan data of experiments NA10, E615, prompt photon production data of experiment WA70, and selected points from the leading-neutron data. Nuclear PDF set nCTEQ15FullNuc_184_74 was used for tungsten target."
Authors: "FantoPI23"
Format: lhagrid1
DataVersion: 1
NumMembers: 1
Flavors: [-6, -5, -4, -3, -2, -1, 1, 2, 3, 4, 5, 6, 21, ]
OrderQCD: 1
FlavorScheme: variable
ErrorType: symmhessian
XMin: 0.0001
XMax: 1
QMin: 1
QMax: 1000
MZ: 91.1876
MUp: 0
MDown: 0
MStrange: 0
MCharm: 1.43
MBottom: 4.5
MTop: 173
AlphaS_MZ: 0.118
AlphaS_OrderQCD: 1
AlphaS_Type: ipol
AlphaS_Qs: [1, 1.04729, 1.09852, 1.15408, 1.21445, 1.28015, 1.35177, 1.43, 1.43, 1.53232, 1.64647, 1.77417, 1.91743, 2.07865, 2.26065, 2.46678, 2.70102, 2.96816, 3.27394, 3.62527, 4.03055, 4.5, 4.5, 5.05783, 5.71174, 6.48198, 7.39381, 8.4789, 9.77722, 11.3395, 13.2304, 15.5332, 18.3556, 21.8376, 26.1633, 31.5758, 38.3987, 47.0668, 58.1683, 72.5064, 91.1876, 106.365, 124.569, 146.49, 173, 173, 216.835, 273.905, 348.798, 447.893, 580.129, 758.151, 1000]
AlphaS_Vals: [0.450741, 0.43453, 0.419068, 0.404304, 0.390193, 0.376694, 0.36377, 0.351387, 0.351384, 0.338634, 0.326386, 0.314615, 0.303299, 0.292416, 0.281946, 0.271871, 0.262173, 0.252835, 0.243842, 0.235179, 0.226832, 0.218789, 0.218788, 0.211616, 0.204654, 0.197898, 0.191342, 0.184981, 0.178811, 0.172827, 0.167025, 0.161399, 0.155945, 0.150659, 0.145536, 0.140573, 0.135765, 0.131107, 0.126597, 0.122229, 0.118, 0.115324, 0.112704, 0.110139, 0.107628, 0.107628, 0.1044, 0.101261, 0.0982109, 0.095246, 0.0923645, 0.0895644, 0.0868436]
