  MINUIT RELEASE 96.03  INITIALIZED.   DIMENSIONS 200/ 50  EPSMAC=  0.89E-15

 PARAMETER DEFINITIONS:
    NO.   NAME         VALUE      STEP SIZE      LIMITS
     1 'Ag        '    1.0000      constant
     2 'As        '    6.0000      0.50000         no limits
     3 'Av        '    1.0000      constant
     4 'ZERO      '    0.0000      constant
     5 'delBg     '    0.0000      constant
     6 'delBs     '    0.0000      constant
     7 'delBv     '    0.0000      0.30000E-01     no limits
     8 'delCg     '    0.0000       1.0000         no limits
     9 'delCs     '    0.0000       3.0000         no limits
    10 'delCv     '    0.0000      0.40000E-01     no limits
    11 'delDg     '    0.0000      constant
    12 'delDs     '    0.0000      constant
    13 'delDv     '    0.0000      constant
    14 'gifl      '    0.0000      constant
    15 'sifl      '    1.0000      constant
    16 'vifl      '    2.0000      constant
 **********
 **    1 **MINIMIZE #UNCOMMENT 
 **********

 FIRST CALL TO USER FUNCTION AT NEW START POINT, WITH IFLAG=4.
 START MIGRAD MINIMIZATION.  STRATEGY 1.  CONVERGENCE WHEN EDM .LT. 0.10E-03

 FCN=   446.4857     FROM MIGRAD    STATUS=INITIATE      18 CALLS       19 TOTAL
                     EDM= unknown      STRATEGY= 1      NO ERROR MATRIX       

  EXT PARAMETER               CURRENT GUESS       STEP         FIRST   
  NO.   NAME        VALUE          ERROR          SIZE      DERIVATIVE 
   1    Ag          1.0000       constant   
   2    As          6.0000       0.50000       0.50000       -6.5573    
   3    Av          1.0000       constant   
   4    ZERO        0.0000       constant   
   5    delBg       0.0000       constant   
   6    delBs       0.0000       constant   
   7    delBv       0.0000       0.30000E-01   0.30000E-01    226.38    
   8    delCg       0.0000        1.0000        1.0000       0.60072    
   9    delCs       0.0000        3.0000        3.0000        10.771    
  10    delCv       0.0000       0.40000E-01   0.40000E-01   -211.44    
  11    delDg       0.0000       constant   
  12    delDs       0.0000       constant   
  13    delDv       0.0000       constant   
  14    gifl        0.0000       constant   
  15    sifl        1.0000       constant   
  16    vifl        2.0000       constant   

 MIGRAD MINIMIZATION HAS CONVERGED.

 MIGRAD WILL VERIFY CONVERGENCE AND ERROR MATRIX.
 COVARIANCE MATRIX CALCULATED SUCCESSFULLY

 FCN=   444.3799     FROM MIGRAD    STATUS=CONVERGED    137 CALLS      138 TOTAL
                     EDM=  0.11E-05    STRATEGY= 1      ERROR MATRIX ACCURATE 

  EXT PARAMETER                                   STEP         FIRST   
  NO.   NAME        VALUE          ERROR          SIZE      DERIVATIVE 
   1    Ag          1.0000       constant   
   2    As          6.0866        1.3438       0.38035E-02  -0.36341E-02
   3    Av          1.0000       constant   
   4    ZERO        0.0000       constant   
   5    delBg       0.0000       constant   
   6    delBs       0.0000       constant   
   7    delBv      0.95106E-02   0.29961E-01   0.10680E-03   0.12308    
   8    delCg     -0.11372        1.0839       0.10708E-01  -0.29468E-03
   9    delCs     -0.34116       0.97151       0.24855E-02   0.53748E-02
  10    delCv      0.90567E-02   0.25052E-01   0.11511E-03  -0.83578E-01
  11    delDg       0.0000       constant   
  12    delDs       0.0000       constant   
  13    delDv       0.0000       constant   
  14    gifl        0.0000       constant   
  15    sifl        1.0000       constant   
  16    vifl        2.0000       constant   

 EXTERNAL ERROR MATRIX.    NDIM=  50    NPAR=  5    ERR DEF=  1.00    
  0.181E+01 0.135E-01-0.265E+00 0.112E+01 0.171E-01
  0.135E-01 0.898E-03-0.647E-02-0.142E-02 0.523E-03
 -0.265E+00-0.647E-02 0.117E+01-0.115E+00-0.264E-02
  0.112E+01-0.142E-02-0.115E+00 0.944E+00 0.997E-02
  0.171E-01 0.523E-03-0.264E-02 0.997E-02 0.628E-03

 PARAMETER  CORRELATION COEFFICIENTS
       NO.  GLOBAL     2     7     8     9    10
        2  0.96160  1.000 0.335-0.182 0.861 0.509
        7  0.93830  0.335 1.000-0.199-0.049 0.696
        8  0.29925 -0.182-0.199 1.000-0.110-0.097
        9  0.96865  0.861-0.049-0.110 1.000 0.410
       10  0.89513  0.509 0.696-0.097 0.410 1.000
 **********
 **    2 **CALL FCN    3.000    
 **********
 **********
 **    3 **#SCAN #UNCOMMENT TO 
 **********
           UNKNOWN COMMAND IGNORED:#SCAN #UNCOMMENT To 
 **********
 **    4 **#SCAN    5.000       40.00     -0.5000       1.500    
 **********
           UNKNOWN COMMAND IGNORED:#SCAN 
 **********
 **    5 **#SCAN    9.000       40.00      0.9000       1.000    
 **********
           UNKNOWN COMMAND IGNORED:#SCAN 
