# Output file containing the functional from each flavor 

# xf(x) = <xf>*x^Sc1*(1-x)^Sc2*(1+fbezier(x)) 

# gluon -- metamorph 0
<xf> = 0.192349
Scm[1] = -0.494948
Scm[2] = 2.8294

C[0] = -1.17399e-08
C[1] = 1.04473e-05
# sea  -- metamorph 1
<xf> = 0.316517
Scm[1] = 0.481137
Scm[2] = 4.45618

C[0] = 1.29098e-07
C[1] = -0.000114884
# valence  -- metamorph 2
<xf> = 0.491135
Scm[1] = 0.284021
Scm[2] = 0.975253

C[0] = -0.00745978
C[1] = 6.63844
