# Output file containing the functional from each flavor 

# xf(x) = <xf>*x^Sc1*(1-x)^Sc2*(1+fbezier(x)) 

# gluon -- metamorph 0
<xf> = 0.134699
Scm[1] = 1.35541
Scm[2] = 88.866

C[0] = 5.21491e-09
C[1] = -4.64074e-06
# sea  -- metamorph 1
<xf> = 0.42717
Scm[1] = 0.939003
Scm[2] = 4.47466

C[0] = 0.000130212
C[1] = -1.54475
C[2] = 1.4566
# valence  -- metamorph 2
<xf> = 0.438131
Scm[1] = 0.0681892
Scm[2] = 0.924372

C[0] = -0.963213
C[1] = -0.371003
C[2] = 0.563954
