# Output file containing the functional from each flavor 

# xf(x) = <xf>*x^Sc1*(1-x)^Sc2*(1+fbezier(x)) 

# gluon -- metamorph 0
<xf> = 0.195081
Scm[1] = -0.492081
Scm[2] = 2.67202

C[0] = 4.02855e-06
C[1] = -0.003585
# sea  -- metamorph 1
<xf> = 0.313275
Scm[1] = 0.478324
Scm[2] = 4.30729

C[0] = 0.000191905
C[1] = -0.170776
# valence  -- metamorph 2
<xf> = 0.491644
Scm[1] = 0.300704
Scm[2] = 0.975575

C[0] = -0.00661372
C[1] = 5.88554
