# Output file containing the functional from each flavor 

# xf(x) = <xf>*x^Sc1*(1-x)^Sc2*(1+fbezier(x)) 

# gluon -- metamorph 0
<xf> = 0.268762
Scm[1] = -0.374045
Scm[2] = 2.82974

C[0] = 0
C[1] = 0
# sea  -- metamorph 1
<xf> = 0.179701
Scm[1] = 0.734348
Scm[2] = 8.19517

C[0] = 0
C[1] = 0
# valence  -- metamorph 2
<xf> = 0.551537
Scm[1] = 0.743204
Scm[2] = 0.951825

C[0] = 0
C[1] = 0
