  MINUIT RELEASE 96.03  INITIALIZED.   DIMENSIONS 200/ 50  EPSMAC=  0.89E-15

 PARAMETER DEFINITIONS:
    NO.   NAME         VALUE      STEP SIZE      LIMITS
     1 'Ag        '    1.0000      constant
     2 'As        '    9.8200      0.50000         no limits
     3 'Av        '    1.0000      constant
     4 'ZERO      '    0.0000      constant
     5 'delBg     '    0.0000      0.20000         no limits
     6 'delBs     '    0.0000      0.30000         no limits
     7 'delBv     '    0.0000      0.30000E-01     no limits
     8 'delCg     '    0.0000       1.0000         no limits
     9 'delCs     '    0.0000       3.0000         no limits
    10 'delCv     '    0.0000      0.40000E-01     no limits
    11 'delDg     '    0.0000      constant
    12 'delDs     '    0.0000      constant
    13 'delDv     '    0.0000      constant
    14 'delEg     '    0.0000      0.10000         no limits
    15 'delEs     '    0.0000      0.10000         no limits
    16 'delEv     '    0.0000      0.10000         no limits
    17 'delFg     '    0.0000      constant
    18 'delFs     '    0.0000      0.10000         no limits
    19 'delFv     '    0.0000      0.10000         no limits
    20 'delGs     '    0.0000      constant
    21 'delGv     '    0.0000      constant
    22 'gifl      '    0.0000      constant
    23 'sifl      '    1.0000      constant
    24 'vifl      '    2.0000      constant
 **********
 **    1 **MINIMIZE #UNCOMMENT 
 **********

 FIRST CALL TO USER FUNCTION AT NEW START POINT, WITH IFLAG=4.
 START MIGRAD MINIMIZATION.  STRATEGY 1.  CONVERGENCE WHEN EDM .LT. 0.10E-03

 FCN=   454.4414     FROM MIGRAD    STATUS=INITIATE      44 CALLS       45 TOTAL
                     EDM= unknown      STRATEGY= 1      NO ERROR MATRIX       

  EXT PARAMETER               CURRENT GUESS       STEP         FIRST   
  NO.   NAME        VALUE          ERROR          SIZE      DERIVATIVE 
   1    Ag          1.0000       constant   
   2    As          9.8200       0.50000       0.50000       -4.2183    
   3    Av          1.0000       constant   
   4    ZERO        0.0000       constant   
   5    delBg       0.0000       0.20000       0.20000        1.6641    
   6    delBs       0.0000       0.30000       0.30000        62.382    
   7    delBv       0.0000       0.30000E-01   0.30000E-01    327.14    
   8    delCg       0.0000        1.0000        1.0000       0.19229E-01
   9    delCs       0.0000        3.0000        3.0000        11.158    
  10    delCv       0.0000       0.40000E-01   0.40000E-01   -267.62    
  11    delDg       0.0000       constant   
  12    delDs       0.0000       constant   
  13    delDv       0.0000       constant   
  14    delEg       0.0000       0.10000       0.10000      -0.62339E-01
  15    delEs       0.0000       0.10000       0.10000       -67.696    
  16    delEv       0.0000       0.10000       0.10000       -274.31    
  17    delFg       0.0000       constant   
  18    delFs       0.0000       0.10000       0.10000        46.658    
  19    delFv       0.0000       0.10000       0.10000        208.68    
  20    delGs       0.0000       constant   
  21    delGv       0.0000       constant   
  22    gifl        0.0000       constant   
  23    sifl        1.0000       constant   
  24    vifl        2.0000       constant   
 CALL LIMIT EXCEEDED IN MIGRAD.
 MIGRAD TERMINATED WITHOUT CONVERGENCE.

 FCN=   438.5957     FROM MIGRAD    STATUS=CALL LIMIT  2123 CALLS     2124 TOTAL
                     EDM=  0.22E-04  STRATEGY=1  ERROR MATRIX UNCERTAINTY=  6.2%

  EXT PARAMETER                APPROXIMATE        STEP         FIRST   
  NO.   NAME        VALUE          ERROR          SIZE      DERIVATIVE 
   1    Ag          1.0000       constant   
   2    As          9.5338        6.4783       0.82715E-02  -0.26278E-01
   3    Av          1.0000       constant   
   4    ZERO        0.0000       constant   
   5    delBg      0.95904E-01   0.19365       0.47904E-04  -0.15697E-01
   6    delBs      0.83739E-01   0.30069       0.37032E-03   0.39674    
   7    delBv     -0.29072       0.56940E-01  -0.62151E-04   0.74181    
   8    delCg       7.1699       0.65158E-01  -0.45133E-04   0.48916E-01
   9    delCs      -3.7430       0.76330       0.76415E-03   0.45563E-01
  10    delCv     -0.28875       0.68314E-01  -0.62249E-04  -0.32023    
  11    delDg       0.0000       constant   
  12    delDs       0.0000       constant   
  13    delDv       0.0000       constant   
  14    delEg     -0.53816E-05   0.43285E-02   0.17696E-06  -0.13411    
  15    delEs      0.15545E-03   0.88681E-02  -0.93752E-05  -0.67820    
  16    delEv     -0.10454       0.28849E-01  -0.35862E-04   0.60827E-01
  17    delFg       0.0000       constant   
  18    delFs      0.88411E-04   0.48931E-02  -0.42412E-05    1.7215    
  19    delFv      0.10908       0.24646E-01   0.28969E-04    1.7740    
  20    delGs       0.0000       constant   
  21    delGv       0.0000       constant   
  22    gifl        0.0000       constant   
  23    sifl        1.0000       constant   
  24    vifl        2.0000       constant   

 EXTERNAL ERROR MATRIX.    NDIM=  50    NPAR= 12    ERR DEF=  1.00    
 ELEMENTS ABOVE DIAGONAL ARE NOT PRINTED.
  0.420E+02
  0.463E+00 0.375E-01
  0.193E+01 0.246E-01 0.904E-01
 -0.180E+00-0.567E-03-0.790E-02 0.324E-02
  0.680E-01 0.141E-02 0.337E-02-0.287E-03 0.425E-02
  0.454E+01 0.655E-01 0.211E+00-0.597E-02 0.808E-02 0.583E+00
 -0.164E+00 0.117E-02-0.687E-02 0.376E-02-0.228E-03 0.138E-03 0.467E-02
 -0.327E-03-0.303E-04-0.111E-04-0.107E-04 0.493E-06-0.712E-04-0.866E-05 0.187E-04
 -0.301E-01-0.282E-03-0.136E-02 0.117E-03 0.189E-03-0.324E-02 0.113E-03 0.121E-04 0.786E-04
 -0.138E+00-0.604E-03-0.605E-02 0.148E-02-0.244E-03-0.100E-01 0.164E-02-0.683E-05 0.800E-04 0.832E-03
 -0.171E-01-0.159E-03-0.783E-03 0.628E-04 0.880E-04-0.187E-02 0.581E-04 0.615E-05 0.417E-04 0.442E-04 0.239E-04
  0.105E+00 0.282E-03 0.451E-02-0.131E-02 0.137E-03 0.657E-02-0.148E-02 0.249E-05-0.791E-04-0.695E-03-0.442E-04
  0.607E-03
 ERR MATRIX APPROXIMATE

 PARAMETER  CORRELATION COEFFICIENTS
       NO.  GLOBAL     2     5     6     7     8     9    10    14    15    16    18    19
        2  0.99963  1.000 0.369 0.993-0.488 0.161 0.917-0.370-0.012-0.524-0.741-0.539 0.658
        5  0.75321  0.369 1.000 0.422-0.051 0.112 0.443 0.088-0.036-0.164-0.108-0.168 0.059
        6  0.99921  0.993 0.422 1.000-0.461 0.172 0.917-0.335-0.009-0.511-0.698-0.532 0.609
        7  0.99395 -0.488-0.051-0.461 1.000-0.077-0.137 0.966-0.043 0.231 0.902 0.225-0.930
        8  0.58169  0.161 0.112 0.172-0.077 1.000 0.162-0.051 0.002 0.328-0.130 0.276 0.085
        9  0.99548  0.917 0.443 0.917-0.137 0.162 1.000 0.003-0.022-0.478-0.455-0.500 0.349
       10  0.98984 -0.370 0.088-0.335 0.966-0.051 0.003 1.000-0.029 0.186 0.833 0.174-0.880
       14  0.43742 -0.012-0.036-0.009-0.043 0.002-0.022-0.029 1.000 0.316-0.055 0.290 0.023
       15  0.97507 -0.524-0.164-0.511 0.231 0.328-0.478 0.186 0.316 1.000 0.313 0.961-0.362
       16  0.99413 -0.741-0.108-0.698 0.902-0.130-0.455 0.833-0.055 0.313 1.000 0.313-0.977
       18  0.97508 -0.539-0.168-0.532 0.225 0.276-0.500 0.174 0.290 0.961 0.313 1.000-0.366
       19  0.99392  0.658 0.059 0.609-0.930 0.085 0.349-0.880 0.023-0.362-0.977-0.366 1.000
 ERR MATRIX APPROXIMATE
 **********
 **    2 **CALL FCN    3.000    
 **********
 **********
 **    3 **MIGRAD   0.1000E+05
 **********
 START MIGRAD MINIMIZATION.  STRATEGY 1.  CONVERGENCE WHEN EDM .LT. 0.10E-03

 FCN=   438.5957     FROM MIGRAD    STATUS=INITIATE      24 CALLS     2149 TOTAL
                     EDM=  0.32E-04  STRATEGY=1  ERROR MATRIX UNCERTAINTY=  6.2%

  EXT PARAMETER                APPROXIMATE        STEP         FIRST   
  NO.   NAME        VALUE          ERROR          SIZE      DERIVATIVE 
   1    Ag          1.0000       constant   
   2    As          9.5338        6.4783       0.82715E-02  -0.26278E-01
   3    Av          1.0000       constant   
   4    ZERO        0.0000       constant   
   5    delBg      0.95904E-01   0.19365       0.47904E-04  -0.15697E-01
   6    delBs      0.83739E-01   0.30069       0.37032E-03   0.39674    
   7    delBv     -0.29072       0.56940E-01  -0.62151E-04   0.74181    
   8    delCg       7.1699       0.65158E-01  -0.45133E-04   0.50606E-01
   9    delCs      -3.7430       0.76330       0.76415E-03   0.45563E-01
  10    delCv     -0.28875       0.68314E-01  -0.62249E-04  -0.32023    
  11    delDg       0.0000       constant   
  12    delDs       0.0000       constant   
  13    delDv       0.0000       constant   
  14    delEg     -0.53816E-05   0.43285E-02   0.17696E-06  -0.13603    
  15    delEs      0.15545E-03   0.88681E-02  -0.93752E-05  -0.65822    
  16    delEv     -0.10454       0.28849E-01  -0.35862E-04   0.60827E-01
  17    delFg       0.0000       constant   
  18    delFs      0.88411E-04   0.48931E-02  -0.42412E-05    1.6683    
  19    delFv      0.10908       0.24646E-01   0.28969E-04    1.7740    
  20    delGs       0.0000       constant   
  21    delGv       0.0000       constant   
  22    gifl        0.0000       constant   
  23    sifl        1.0000       constant   
  24    vifl        2.0000       constant   

 MIGRAD MINIMIZATION HAS CONVERGED.

 FCN=   438.5957     FROM MIGRAD    STATUS=CONVERGED     78 CALLS     2203 TOTAL
                     EDM=  0.55E-05  STRATEGY=1  ERROR MATRIX UNCERTAINTY=  1.9%

  EXT PARAMETER                                   STEP         FIRST   
  NO.   NAME        VALUE          ERROR          SIZE      DERIVATIVE 
   1    Ag          1.0000       constant   
   2    As          9.5570        6.5440       0.10257E-01  -0.11094E-01
   3    Av          1.0000       constant   
   4    ZERO        0.0000       constant   
   5    delBg      0.96131E-01   0.19827       0.11832E-03  -0.13646E-01
   6    delBs      0.84769E-01   0.30260       0.45181E-03   0.17674    
   7    delBv     -0.29089       0.54402E-01  -0.68585E-04   0.18567    
   8    delCg       7.1698       0.68394E-01  -0.62491E-04  -0.33888E-02
   9    delCs      -3.7409       0.77543       0.95954E-03   0.23189E-01
  10    delCv     -0.28892       0.66016E-01  -0.69799E-04  -0.79251E-01
  11    delDg       0.0000       constant   
  12    delDs       0.0000       constant   
  13    delDv       0.0000       constant   
  14    delEg     -0.53338E-05   0.43285E-02   0.47506E-07  -0.12756    
  15    delEs      0.12920E-03   0.94530E-02  -0.12136E-04  -0.75229    
  16    delEv     -0.10464       0.28336E-01  -0.42414E-04   0.52058    
  17    delFg       0.0000       constant   
  18    delFs      0.74878E-04   0.53241E-02  -0.65244E-05    2.1105    
  19    delFv      0.10915       0.23119E-01   0.29756E-04    1.2179    
  20    delGs       0.0000       constant   
  21    delGv       0.0000       constant   
  22    gifl        0.0000       constant   
  23    sifl        1.0000       constant   
  24    vifl        2.0000       constant   

 EXTERNAL ERROR MATRIX.    NDIM=  50    NPAR= 12    ERR DEF=  1.00    
 ELEMENTS ABOVE DIAGONAL ARE NOT PRINTED.
  0.428E+02
  0.557E+00 0.393E-01
  0.197E+01 0.286E-01 0.916E-01
 -0.163E+00-0.975E-03-0.708E-02 0.296E-02
  0.274E-01 0.517E-03 0.161E-02-0.138E-03 0.468E-02
  0.468E+01 0.748E-01 0.216E+00-0.476E-02 0.394E-02 0.601E+00
 -0.145E+00 0.771E-03-0.599E-02 0.346E-02-0.858E-04 0.149E-02 0.436E-02
 -0.358E-03-0.306E-04-0.125E-04-0.105E-04 0.643E-06-0.740E-04-0.840E-05 0.187E-04
 -0.353E-01-0.433E-03-0.158E-02 0.125E-03 0.260E-03-0.379E-02 0.120E-03 0.122E-04 0.894E-04
 -0.137E+00-0.942E-03-0.595E-02 0.137E-02-0.104E-03-0.101E-01 0.152E-02-0.669E-05 0.954E-04 0.803E-03
 -0.210E-01-0.250E-03-0.953E-03 0.757E-04 0.132E-03-0.227E-02 0.703E-04 0.617E-05 0.487E-04 0.573E-04 0.283E-04
  0.944E-01 0.433E-03 0.402E-02-0.116E-02 0.881E-04 0.576E-02-0.133E-02 0.239E-05-0.794E-04-0.634E-03-0.481E-04
  0.534E-03

 PARAMETER  CORRELATION COEFFICIENTS
       NO.  GLOBAL     2     5     6     7     8     9    10    14    15    16    18    19
        2  0.99953  1.000 0.429 0.993-0.457 0.061 0.921-0.335-0.013-0.570-0.737-0.603 0.624
        5  0.73428  0.429 1.000 0.477-0.090 0.038 0.487 0.059-0.036-0.231-0.168-0.237 0.095
        6  0.99893  0.993 0.477 1.000-0.430 0.078 0.921-0.300-0.010-0.553-0.694-0.591 0.575
        7  0.99278 -0.457-0.090-0.430 1.000-0.037-0.113 0.964-0.044 0.243 0.890 0.261-0.923
        8  0.66809  0.061 0.038 0.078-0.037 1.000 0.074-0.019 0.002 0.402-0.054 0.362 0.056
        9  0.99480  0.921 0.487 0.921-0.113 0.074 1.000 0.029-0.022-0.516-0.460-0.549 0.322
       10  0.98870 -0.335 0.059-0.300 0.964-0.019 0.029 1.000-0.029 0.192 0.815 0.200-0.872
       14  0.43064 -0.013-0.036-0.010-0.044 0.002-0.022-0.029 1.000 0.297-0.055 0.268 0.024
       15  0.97679 -0.570-0.231-0.553 0.243 0.402-0.516 0.192 0.297 1.000 0.356 0.968-0.363
       16  0.99412 -0.737-0.168-0.694 0.890-0.054-0.460 0.815-0.055 0.356 1.000 0.380-0.968
       18  0.97628 -0.603-0.237-0.591 0.261 0.362-0.549 0.200 0.268 0.968 0.380 1.000-0.391
       19  0.98745  0.624 0.095 0.575-0.923 0.056 0.322-0.872 0.024-0.363-0.968-0.391 1.000
 **********
 **    4 **#SCAN #UNCOMMENT TO 
 **********
           UNKNOWN COMMAND IGNORED:#SCAN #UNCOMMENT To 
 **********
 **    5 **#SCAN    4.000    
 **********
           UNKNOWN COMMAND IGNORED:#SCAN 
 **********
 **    6 **#SCAN    5.000    
 **********
           UNKNOWN COMMAND IGNORED:#SCAN 
 **********
 **    7 **#SCAN    6.000    
 **********
           UNKNOWN COMMAND IGNORED:#SCAN 
