  MINUIT RELEASE 96.03  INITIALIZED.   DIMENSIONS 200/ 50  EPSMAC=  0.89E-15

 PARAMETER DEFINITIONS:
    NO.   NAME         VALUE      STEP SIZE      LIMITS
     1 'Ag        '    1.0000      constant
     2 'As        '    9.7961      0.50000         no limits
     3 'Av        '    1.0000      constant
     4 'ZERO      '    0.0000      constant
     5 'delBg     '    0.0000      0.20000         no limits
     6 'delBs     '    0.0000      0.30000         no limits
     7 'delBv     '    0.0000      0.30000E-01     no limits
     8 'delCg     '    0.0000       1.0000         no limits
     9 'delCs     '    0.0000       3.0000         no limits
    10 'delCv     '    0.0000      0.40000E-01     no limits
    11 'delDg     '    0.0000      constant
    12 'delDs     '    0.0000      constant
    13 'delDv     '    0.0000      constant
    14 'delEg     '    0.0000      0.10000         no limits
    15 'delEs     '    0.0000      0.10000         no limits
    16 'delEv     '    0.0000      0.10000         no limits
    17 'delFg     '    0.0000      constant
    18 'delFs     '    0.0000      constant
    19 'delFv     '    0.0000      constant
    20 'gifl      '    0.0000      constant
    21 'sifl      '    1.0000      constant
    22 'vifl      '    2.0000      constant
 **********
 **    1 **MINIMIZE #UNCOMMENT 
 **********

 FIRST CALL TO USER FUNCTION AT NEW START POINT, WITH IFLAG=4.
 START MIGRAD MINIMIZATION.  STRATEGY 1.  CONVERGENCE WHEN EDM .LT. 0.10E-03

 FCN=   451.4387     FROM MIGRAD    STATUS=INITIATE      36 CALLS       37 TOTAL
                     EDM= unknown      STRATEGY= 1      NO ERROR MATRIX       

  EXT PARAMETER               CURRENT GUESS       STEP         FIRST   
  NO.   NAME        VALUE          ERROR          SIZE      DERIVATIVE 
   1    Ag          1.0000       constant   
   2    As          9.7961       0.50000       0.50000      -0.16140E-02
   3    Av          1.0000       constant   
   4    ZERO        0.0000       constant   
   5    delBg       0.0000       0.20000       0.20000      -0.19344E-02
   6    delBs       0.0000       0.30000       0.30000       0.59109E-02
   7    delBv       0.0000       0.30000E-01   0.30000E-01   0.27542E-01
   8    delCg       0.0000        1.0000        1.0000       0.62488E-04
   9    delCs       0.0000        3.0000        3.0000       0.47186E-03
  10    delCv       0.0000       0.40000E-01   0.40000E-01  -0.15896E-01
  11    delDg       0.0000       constant   
  12    delDs       0.0000       constant   
  13    delDv       0.0000       constant   
  14    delEg       0.0000       0.10000       0.10000      -0.41827    
  15    delEs       0.0000       0.10000       0.10000      -0.82910    
  16    delEv       0.0000       0.10000       0.10000       -17.549    
  17    delFg       0.0000       constant   
  18    delFs       0.0000       constant   
  19    delFv       0.0000       constant   
  20    gifl        0.0000       constant   
  21    sifl        1.0000       constant   
  22    vifl        2.0000       constant   

 MIGRAD MINIMIZATION HAS CONVERGED.

 MIGRAD WILL VERIFY CONVERGENCE AND ERROR MATRIX.
 COVARIANCE MATRIX CALCULATED SUCCESSFULLY

 FCN=   448.8403     FROM HESSE     STATUS=OK            92 CALLS     1804 TOTAL
                     EDM=  0.56E-04    STRATEGY= 1      ERROR MATRIX ACCURATE 

  EXT PARAMETER                                   STEP         FIRST   
  NO.   NAME        VALUE          ERROR          SIZE      DERIVATIVE 
   1    Ag          1.0000       constant   
   2    As          1.0279       0.80024       0.62548E-03   0.20498E-01
   3    Av          1.0000       constant   
   4    ZERO        0.0000       constant   
   5    delBg     -0.18395       0.39386       0.12160E-02   0.39005E-02
   6    delBs     -0.55058       0.25712       0.33938E-03  -0.33755E-01
   7    delBv     -0.12906E-01   0.40484E-01   0.10542E-03  -0.10176    
   8    delCg     -0.69021        1.7795       0.84660E-02  -0.51804E-03
   9    delCs     -0.14366        1.6819       0.24230E-02  -0.42912E-02
  10    delCv     -0.45186E-01   0.73159E-01   0.11489E-03   0.79128E-01
  11    delDg       0.0000       constant   
  12    delDs       0.0000       constant   
  13    delDv       0.0000       constant   
  14    delEg       1.7239        4.3144       0.13930E-01   0.36963E-03
  15    delEs       3.7437       0.81669E-01   0.30415E-02  -0.17815    
  16    delEv      0.55587E-01   0.79556E-01   0.18334E-03   0.25661E-01
  17    delFg       0.0000       constant   
  18    delFs       0.0000       constant   
  19    delFv       0.0000       constant   
  20    gifl        0.0000       constant   
  21    sifl        1.0000       constant   
  22    vifl        2.0000       constant   
 CALL LIMIT EXCEEDED IN MIGRAD.
 MIGRAD TERMINATED WITHOUT CONVERGENCE.

 FCN=   448.8403     FROM MIGRAD    STATUS=CALL LIMIT  1803 CALLS     1804 TOTAL
                     EDM=  0.56E-04    STRATEGY= 1      ERR MATRIX APPROXIMATE

  EXT PARAMETER                APPROXIMATE        STEP         FIRST   
  NO.   NAME        VALUE          ERROR          SIZE      DERIVATIVE 
   1    Ag          1.0000       constant   
   2    As          1.0279       0.80024       0.62548E-03   0.20498E-01
   3    Av          1.0000       constant   
   4    ZERO        0.0000       constant   
   5    delBg     -0.18395       0.39386       0.12160E-02   0.39005E-02
   6    delBs     -0.55058       0.25712       0.33938E-03  -0.33755E-01
   7    delBv     -0.12906E-01   0.40484E-01   0.10542E-03  -0.10176    
   8    delCg     -0.69021        1.7795       0.84660E-02  -0.51804E-03
   9    delCs     -0.14366        1.6819       0.24230E-02  -0.42912E-02
  10    delCv     -0.45186E-01   0.73159E-01   0.11489E-03   0.79128E-01
  11    delDg       0.0000       constant   
  12    delDs       0.0000       constant   
  13    delDv       0.0000       constant   
  14    delEg       1.7239        4.3144       0.13930E-01   0.36963E-03
  15    delEs       3.7437       0.81669E-01   0.30415E-02  -0.17815    
  16    delEv      0.55587E-01   0.79556E-01   0.18334E-03   0.25661E-01
  17    delFg       0.0000       constant   
  18    delFs       0.0000       constant   
  19    delFv       0.0000       constant   
  20    gifl        0.0000       constant   
  21    sifl        1.0000       constant   
  22    vifl        2.0000       constant   

 EXTERNAL ERROR MATRIX.    NDIM=  50    NPAR= 10    ERR DEF=  1.00    
  0.640E+00 0.135E+00 0.199E+00-0.110E-01 0.611E+00 0.128E+01-0.215E-01-0.207E+01-0.250E-02 0.306E-01
  0.135E+00 0.155E+00 0.525E-01-0.148E-02 0.498E+00 0.210E+00-0.217E-02-0.144E+01-0.723E-04 0.301E-02
  0.199E+00 0.525E-01 0.661E-01-0.346E-02 0.243E+00 0.378E+00-0.570E-02-0.735E+00-0.514E-03 0.790E-02
 -0.110E-01-0.148E-02-0.346E-02 0.164E-02-0.965E-02-0.283E-01 0.248E-02 0.162E-01 0.703E-05-0.232E-02
  0.611E+00 0.498E+00 0.243E+00-0.965E-02 0.317E+01 0.941E+00-0.109E-01-0.340E+01-0.417E-03 0.146E-01
  0.128E+01 0.210E+00 0.378E+00-0.283E-01 0.941E+00 0.283E+01-0.440E-01-0.337E+01-0.128E-02 0.636E-01
 -0.215E-01-0.217E-02-0.570E-02 0.248E-02-0.109E-01-0.440E-01 0.535E-02 0.445E-01 0.681E-05-0.550E-02
 -0.207E+01-0.144E+01-0.735E+00 0.162E-01-0.340E+01-0.337E+01 0.445E-01 0.186E+02 0.188E-02-0.657E-01
 -0.250E-02-0.723E-04-0.514E-03 0.703E-05-0.417E-03-0.128E-02 0.681E-05 0.188E-02 0.667E-02-0.863E-05
  0.306E-01 0.301E-02 0.790E-02-0.232E-02 0.146E-01 0.636E-01-0.550E-02-0.657E-01-0.863E-05 0.633E-02
 ERR MATRIX APPROXIMATE

 PARAMETER  CORRELATION COEFFICIENTS
       NO.  GLOBAL     2     5     6     7     8     9    10    14    15    16
        2  0.99714  1.000 0.428 0.966-0.340 0.429 0.948-0.367-0.599-0.038 0.480
        5  0.95453  0.428 1.000 0.518-0.093 0.711 0.318-0.075-0.846-0.002 0.096
        6  0.99185  0.966 0.518 1.000-0.333 0.532 0.874-0.303-0.662-0.024 0.386
        7  0.96788 -0.340-0.093-0.333 1.000-0.134-0.415 0.837 0.093 0.002-0.720
        8  0.88826  0.429 0.711 0.532-0.134 1.000 0.314-0.083-0.443-0.003 0.103
        9  0.99028  0.948 0.318 0.874-0.415 0.314 1.000-0.358-0.465-0.009 0.476
       10  0.98844 -0.367-0.075-0.303 0.837-0.083-0.358 1.000 0.141 0.001-0.946
       14  0.95006 -0.599-0.846-0.662 0.093-0.443-0.465 0.141 1.000 0.005-0.191
       15  0.26768 -0.038-0.002-0.024 0.002-0.003-0.009 0.001 0.005 1.000-0.001
       16  0.97492  0.480 0.096 0.386-0.720 0.103 0.476-0.946-0.191-0.001 1.000
 ERR MATRIX APPROXIMATE
 **********
 **    2 **MIGRAD    5000.    
 **********
 START MIGRAD MINIMIZATION.  STRATEGY 1.  CONVERGENCE WHEN EDM .LT. 0.10E-03

 FCN=   448.8403     FROM MIGRAD    STATUS=INITIATE      20 CALLS     1824 TOTAL
                     EDM=  0.56E-04    STRATEGY= 1      ERR MATRIX APPROXIMATE

  EXT PARAMETER                APPROXIMATE        STEP         FIRST   
  NO.   NAME        VALUE          ERROR          SIZE      DERIVATIVE 
   1    Ag          1.0000       constant   
   2    As          1.0279       0.80024       0.62548E-03   0.20472E-01
   3    Av          1.0000       constant   
   4    ZERO        0.0000       constant   
   5    delBg     -0.18395       0.39386       0.12160E-02   0.39470E-02
   6    delBs     -0.55058       0.25712       0.33938E-03  -0.33950E-01
   7    delBv     -0.12906E-01   0.40484E-01   0.10542E-03  -0.10191    
   8    delCg     -0.69021        1.7795       0.84660E-02  -0.52312E-03
   9    delCs     -0.14366        1.6819       0.24230E-02  -0.43115E-02
  10    delCv     -0.45186E-01   0.73159E-01   0.11489E-03   0.79163E-01
  11    delDg       0.0000       constant   
  12    delDs       0.0000       constant   
  13    delDv       0.0000       constant   
  14    delEg       1.7239        4.3144       0.13930E-01   0.36286E-03
  15    delEs       3.7437       0.81669E-01   0.30415E-02  -0.17815    
  16    delEv      0.55587E-01   0.79556E-01   0.18334E-03   0.25557E-01
  17    delFg       0.0000       constant   
  18    delFs       0.0000       constant   
  19    delFv       0.0000       constant   
  20    gifl        0.0000       constant   
  21    sifl        1.0000       constant   
  22    vifl        2.0000       constant   
 MIGRAD FAILS TO FIND IMPROVEMENT

 MIGRAD MINIMIZATION HAS CONVERGED.

 FCN=   448.8400     FROM MIGRAD    STATUS=CONVERGED     62 CALLS     1866 TOTAL
                     EDM=  0.16E-04  STRATEGY=1  ERROR MATRIX UNCERTAINTY=  0.0%

  EXT PARAMETER                                   STEP         FIRST   
  NO.   NAME        VALUE          ERROR          SIZE      DERIVATIVE 
   1    Ag          1.0000       constant   
   2    As          1.0265       0.80017        0.0000      -0.40563E-01
   3    Av          1.0000       constant   
   4    ZERO        0.0000       constant   
   5    delBg     -0.18391       0.39385       -0.0000      -0.78236E-02
   6    delBs     -0.55088       0.25712        0.0000       0.67098E-01
   7    delBv     -0.12888E-01   0.40477E-01   -0.0000       0.20074    
   8    delCg     -0.68998        1.7794       -0.0000       0.10056E-02
   9    delCs     -0.14581        1.6801        0.0000       0.85355E-02
  10    delCv     -0.45166E-01   0.73154E-01   -0.0000      -0.15598    
  11    delDg       0.0000       constant   
  12    delDs       0.0000       constant   
  13    delDv       0.0000       constant   
  14    delEg       1.7241        4.3145        0.0000      -0.75775E-03
  15    delEs       3.7455       0.11448       -0.0000       0.83190E-01
  16    delEv      0.55546E-01   0.79539E-01    0.0000      -0.50250E-01
  17    delFg       0.0000       constant   
  18    delFs       0.0000       constant   
  19    delFv       0.0000       constant   
  20    gifl        0.0000       constant   
  21    sifl        1.0000       constant   
  22    vifl        2.0000       constant   

 EXTERNAL ERROR MATRIX.    NDIM=  50    NPAR= 10    ERR DEF=  1.00    
  0.640E+00 0.135E+00 0.199E+00-0.110E-01 0.612E+00 0.127E+01-0.215E-01-0.207E+01-0.500E-02 0.305E-01
  0.135E+00 0.155E+00 0.525E-01-0.149E-02 0.498E+00 0.211E+00-0.217E-02-0.144E+01-0.250E-03 0.302E-02
  0.199E+00 0.525E-01 0.661E-01-0.346E-02 0.243E+00 0.378E+00-0.570E-02-0.735E+00-0.104E-02 0.789E-02
 -0.110E-01-0.149E-02-0.346E-02 0.164E-02-0.966E-02-0.282E-01 0.248E-02 0.163E-01 0.146E-04-0.232E-02
  0.612E+00 0.498E+00 0.243E+00-0.966E-02 0.317E+01 0.942E+00-0.109E-01-0.340E+01-0.787E-03 0.146E-01
  0.127E+01 0.211E+00 0.378E+00-0.282E-01 0.942E+00 0.282E+01-0.440E-01-0.338E+01-0.265E-02 0.635E-01
 -0.215E-01-0.217E-02-0.570E-02 0.248E-02-0.109E-01-0.440E-01 0.535E-02 0.445E-01 0.151E-04-0.550E-02
 -0.207E+01-0.144E+01-0.735E+00 0.163E-01-0.340E+01-0.338E+01 0.445E-01 0.186E+02 0.536E-02-0.658E-01
 -0.500E-02-0.250E-03-0.104E-02 0.146E-04-0.787E-03-0.265E-02 0.151E-04 0.536E-02 0.131E-01-0.194E-04
  0.305E-01 0.302E-02 0.789E-02-0.232E-02 0.146E-01 0.635E-01-0.550E-02-0.658E-01-0.194E-04 0.633E-02

 PARAMETER  CORRELATION COEFFICIENTS
       NO.  GLOBAL     2     5     6     7     8     9    10    14    15    16
        2  0.99716  1.000 0.428 0.966-0.340 0.430 0.948-0.367-0.600-0.055 0.479
        5  0.95457  0.428 1.000 0.519-0.093 0.711 0.318-0.075-0.846-0.006 0.096
        6  0.99189  0.966 0.519 1.000-0.332 0.532 0.874-0.303-0.663-0.035 0.386
        7  0.96802 -0.340-0.093-0.332 1.000-0.134-0.415 0.837 0.093 0.003-0.720
        8  0.88834  0.430 0.711 0.532-0.134 1.000 0.315-0.084-0.443-0.004 0.103
        9  0.99030  0.948 0.318 0.874-0.415 0.315 1.000-0.358-0.466-0.014 0.475
       10  0.98847 -0.367-0.075-0.303 0.837-0.084-0.358 1.000 0.141 0.002-0.946
       14  0.95012 -0.600-0.846-0.663 0.093-0.443-0.466 0.141 1.000 0.011-0.192
       15  0.36396 -0.055-0.006-0.035 0.003-0.004-0.014 0.002 0.011 1.000-0.002
       16  0.97494  0.479 0.096 0.386-0.720 0.103 0.475-0.946-0.192-0.002 1.000
 **********
 **    3 **CALL FCN    3.000    
 **********
 **********
 **    4 **#SCAN #UNCOMMENT TO 
 **********
           UNKNOWN COMMAND IGNORED:#SCAN #UNCOMMENT To 
 **********
 **    5 **#SCAN    4.000    
 **********
           UNKNOWN COMMAND IGNORED:#SCAN 
 **********
 **    6 **#SCAN    5.000    
 **********
           UNKNOWN COMMAND IGNORED:#SCAN 
 **********
 **    7 **#SCAN    6.000    
 **********
           UNKNOWN COMMAND IGNORED:#SCAN 
 **********
 **    8 **ITERATE    10.00    
 **********
 ITERATE BEGINNING:  requested iterations=   10
 ITERATE STARTING POINT:  FCN=  448.839955     NFCN=  1868 UP=AIMSAG= 1.00000    
 End of iteration   0 FCN=  448.839955     NFCN=  2094
     diagonal elements of D^2F / Dy_i Dy_j:  0.19921E+01 to  0.20027E+01( iter=   1)
 off-diagonal elements of D^2F / Dy_i Dy_j: -0.18391E+01 to  0.17359E+01( iter=   1)
 eigenvalue range:  0.306578     to   37303.8     (iter=   1)
 End of iteration   1 FCN=  448.839955     NFCN=  2428
     diagonal elements of D^2F / Dy_i Dy_j:  0.18923E+01 to  0.20156E+01( iter=   2)
 off-diagonal elements of D^2F / Dy_i Dy_j: -0.21003E+01 to  0.14815E+01( iter=   2)
 eigenvalue range: -0.845328E-01 to   37300.5     (iter=   2)
  1 negative eigenvalue(s): add  0.16907E+00 to all eigenvalues to force hessian to be positive definite -- iter=   2
 End of iteration   2 FCN=  448.839955     NFCN=  2713
     diagonal elements of D^2F / Dy_i Dy_j:  0.17753E+01 to  0.20000E+01( iter=   3)
 off-diagonal elements of D^2F / Dy_i Dy_j: -0.26773E+00 to  0.72112E+00( iter=   3)
 eigenvalue range:  0.379089     to   37300.5     (iter=   3)
 End of iteration   3 FCN=  448.839955     NFCN=  3028
     diagonal elements of D^2F / Dy_i Dy_j:  0.18837E+01 to  0.20000E+01( iter=   4)
 off-diagonal elements of D^2F / Dy_i Dy_j: -0.18268E+00 to  0.14425E+00( iter=   4)
 eigenvalue range:  0.488346     to   37300.5     (iter=   4)
 End of iteration   4 FCN=  448.839955     NFCN=  3289
     diagonal elements of D^2F / Dy_i Dy_j:  0.19987E+01 to  0.20664E+01( iter=   5)
 off-diagonal elements of D^2F / Dy_i Dy_j: -0.10782E+00 to  0.11262E+00( iter=   5)
 eigenvalue range:  0.501747     to   37300.5     (iter=   5)
 End of iteration   5 FCN=  448.839955     NFCN=  3619
     diagonal elements of D^2F / Dy_i Dy_j:  0.13625E+01 to  0.20321E+01( iter=   6)
 off-diagonal elements of D^2F / Dy_i Dy_j: -0.69798E-01 to  0.18766E+00( iter=   6)
 eigenvalue range:  0.479593     to   37300.5     (iter=   6)
 End of iteration   6 FCN=  448.839955     NFCN=  3943
     diagonal elements of D^2F / Dy_i Dy_j:  0.13207E+01 to  0.20250E+01( iter=   7)
 off-diagonal elements of D^2F / Dy_i Dy_j: -0.61763E-01 to  0.13432E+00( iter=   7)
 eigenvalue range:  0.476903     to   37300.5     (iter=   7)
 End of iteration   7 FCN=  448.839955     NFCN=  4278
     diagonal elements of D^2F / Dy_i Dy_j:  0.13307E+01 to  0.20175E+01( iter=   8)
 off-diagonal elements of D^2F / Dy_i Dy_j: -0.78028E-01 to  0.57972E-01( iter=   8)
 eigenvalue range:  0.473104     to   37300.5     (iter=   8)
 End of iteration   8 FCN=  448.839955     NFCN=  4608
     diagonal elements of D^2F / Dy_i Dy_j:  0.13234E+01 to  0.20207E+01( iter=   9)
 off-diagonal elements of D^2F / Dy_i Dy_j: -0.46915E-01 to  0.55772E-01( iter=   9)
 eigenvalue range:  0.473724     to   37300.5     (iter=   9)
 End of iteration   9 FCN=  448.839955     NFCN=  4944
     diagonal elements of D^2F / Dy_i Dy_j:  0.13281E+01 to  0.20192E+01( iter=  10)
 off-diagonal elements of D^2F / Dy_i Dy_j: -0.37349E-01 to  0.32272E-01( iter=  10)
 eigenvalue range:  0.472863     to   37300.5     (iter=  10)
 End of iteration  10 FCN=  448.839955     NFCN=  5275
 ITERATE finished:  FCN=  448.839955     NFCN=  5275
 **********
 **    9 **MYSTUFF    1000.    
 **********
 mystuff called with argument  1000
 XRANGE: find allowed displacements according to Hessian, for DeltaChisq=1.0
 XRANGE: Chisq =   448.840     NFCN=  5276

 Par= 1 TruePar= 2 at  0.10265E+01 +/-  0.33438E+00 for DeltaChisq=1.0
 Steps in +/- directions along  1 TruePar  2 give DeltaChisq = 0.65169    ,  1.6897     (expected about  1.0000    )

     Displacements that give max increase in Par= 1 (TruePar= 2) for DeltaChisq=1.0
        x( 1 (TruePar= 2)) =  0.334382    
        x( 2 (TruePar= 5)) =  0.240804E-01
        x( 3 (TruePar= 6)) =  0.101655    
        x( 4 (TruePar= 7)) = -0.473036E-02
        x( 5 (TruePar= 8)) =  0.305973    
        x( 6 (TruePar= 9)) =  0.636384    
        x( 7 (TruePar=10)) = -0.120102E-01
        x( 8 (TruePar=14)) = -0.440982    
        x( 9 (TruePar=15)) = -0.163174E-01
        x(10 (TruePar=16)) =  0.170265E-01

     Eigenvector components that give max increase in Par= 1 (TruePar= 2) for DeltaChisq=1.0
        y( 1) = -0.184951E-02
        y( 2) = -0.862239E-02
        y( 3) = -0.470139E-01
        y( 4) = -0.426558E-01
        y( 5) =  0.126765    
        y( 6) =  0.429331    
        y( 7) = -0.435339    
        y( 8) =  0.723897    
        y( 9) =  0.992604E-01
        y(10) = -0.268511    

 Par= 2 TruePar= 5 at -0.18391E+00 +/-  0.26775E+00 for DeltaChisq=1.0
 Steps in +/- directions along  2 TruePar  5 give DeltaChisq = 0.61093    ,  1.3205     (expected about  1.0000    )

     Displacements that give max increase in Par= 2 (TruePar= 5) for DeltaChisq=1.0
        x( 1 (TruePar= 2)) =  0.300731E-01
        x( 2 (TruePar= 5)) =  0.267749    
        x( 3 (TruePar= 6)) =  0.306283E-01
        x( 4 (TruePar= 7)) = -0.496650E-03
        x( 5 (TruePar= 8)) =   1.05427    
        x( 6 (TruePar= 9)) = -0.191131E-01
        x( 7 (TruePar=10)) =  0.216331E-02
        x( 8 (TruePar=14)) =  -1.24910    
        x( 9 (TruePar=15)) =  0.147703E-01
        x(10 (TruePar=16)) = -0.374021E-02

     Eigenvector components that give max increase in Par= 2 (TruePar= 5) for DeltaChisq=1.0
        y( 1) = -0.143049E-03
        y( 2) =  0.232167E-03
        y( 3) =  0.125477E-02
        y( 4) = -0.110134    
        y( 5) =  0.327408    
        y( 6) = -0.362469    
        y( 7) =  0.945835E-02
        y( 8) = -0.581663E-01
        y( 9) =  0.389143    
        y(10) = -0.770964    

 Par= 3 TruePar= 6 at -0.55088E+00 +/-  0.12035E+00 for DeltaChisq=1.0
 Steps in +/- directions along  3 TruePar  6 give DeltaChisq = 0.80869    ,  1.1677     (expected about  1.0000    )

     Displacements that give max increase in Par= 3 (TruePar= 6) for DeltaChisq=1.0
        x( 1 (TruePar= 2)) =  0.282443    
        x( 2 (TruePar= 5)) =  0.681415E-01
        x( 3 (TruePar= 6)) =  0.120348    
        x( 4 (TruePar= 7)) = -0.553173E-02
        x( 5 (TruePar= 8)) =  0.630940    
        x( 6 (TruePar= 9)) =  0.460760    
        x( 7 (TruePar=10)) = -0.427615E-02
        x( 8 (TruePar=14)) = -0.642104    
        x( 9 (TruePar=15)) =  0.507351E-01
        x(10 (TruePar=16)) =  0.420558E-02

     Eigenvector components that give max increase in Par= 3 (TruePar= 6) for DeltaChisq=1.0
        y( 1) =  0.795916E-02
        y( 2) =  0.489396E-01
        y( 3) =  0.349581    
        y( 4) = -0.161807    
        y( 5) =  0.933240E-01
        y( 6) =  0.509351    
        y( 7) = -0.223557    
        y( 8) =  0.536999    
        y( 9) =  0.261117    
        y(10) = -0.417705    

 Par= 4 TruePar= 7 at -0.12888E-01 +/-  0.38139E-01 for DeltaChisq=1.0
 Steps in +/- directions along  4 TruePar  7 give DeltaChisq = 0.96336    ,  1.0798     (expected about  1.0000    )

     Displacements that give max increase in Par= 4 (TruePar= 7) for DeltaChisq=1.0
        x( 1 (TruePar= 2)) = -0.414730E-01
        x( 2 (TruePar= 5)) = -0.348665E-02
        x( 3 (TruePar= 6)) = -0.174554E-01
        x( 4 (TruePar= 7)) =  0.381391E-01
        x( 5 (TruePar= 8)) = -0.481618E-01
        x( 6 (TruePar= 9)) = -0.260538    
        x( 7 (TruePar=10)) =  0.558199E-01
        x( 8 (TruePar=14)) = -0.157194    
        x( 9 (TruePar=15)) = -0.439335E-01
        x(10 (TruePar=16)) = -0.481091E-01

     Eigenvector components that give max increase in Par= 4 (TruePar= 7) for DeltaChisq=1.0
        y( 1) =  0.130833    
        y( 2) =  0.264652    
        y( 3) = -0.492743    
        y( 4) = -0.708944    
        y( 5) = -0.233260    
        y( 6) =  0.140569    
        y( 7) =  0.115043E-01
        y( 8) = -0.290320    
        y( 9) = -0.711562E-01
        y(10) = -0.616006E-01

 Par= 5 TruePar= 8 at -0.68998E+00 +/-  0.15183E+01 for DeltaChisq=1.0
 Steps in +/- directions along  5 TruePar  8 give DeltaChisq = 0.74192    ,  1.1864     (expected about  1.0000    )

     Displacements that give max increase in Par= 5 (TruePar= 8) for DeltaChisq=1.0
        x( 1 (TruePar= 2)) =  0.673869E-01
        x( 2 (TruePar= 5)) =  0.185921    
        x( 3 (TruePar= 6)) =  0.500124E-01
        x( 4 (TruePar= 7)) = -0.120983E-02
        x( 5 (TruePar= 8)) =   1.51827    
        x( 6 (TruePar= 9)) =  0.314447E-02
        x( 7 (TruePar=10)) =  0.174467E-02
        x( 8 (TruePar=14)) = -0.400637    
        x( 9 (TruePar=15)) =  0.262978E-01
        x(10 (TruePar=16)) = -0.318461E-02

     Eigenvector components that give max increase in Par= 5 (TruePar= 8) for DeltaChisq=1.0
        y( 1) =  0.433888E-05
        y( 2) = -0.230860E-04
        y( 3) = -0.449377E-03
        y( 4) =  0.287624E-02
        y( 5) = -0.727448E-02
        y( 6) =  0.177207E-02
        y( 7) = -0.303069E-03
        y( 8) = -0.121555E-01
        y( 9) =  0.890593    
        y(10) = -0.454567    

 Par= 6 TruePar= 9 at -0.14581E+00 +/-  0.87564E+00 for DeltaChisq=1.0
 Steps in +/- directions along  6 TruePar  9 give DeltaChisq =  1.1091    , 0.69607     (expected about  1.0000    )

     Displacements that give max increase in Par= 6 (TruePar= 9) for DeltaChisq=1.0
        x( 1 (TruePar= 2)) =  0.243018    
        x( 2 (TruePar= 5)) = -0.584435E-02
        x( 3 (TruePar= 6)) =  0.633272E-01
        x( 4 (TruePar= 7)) = -0.113480E-01
        x( 5 (TruePar= 8)) =  0.545223E-02
        x( 6 (TruePar= 9)) =  0.875636    
        x( 7 (TruePar=10)) = -0.112317E-01
        x( 8 (TruePar=14)) = -0.211522E-01
        x( 9 (TruePar=15)) =  0.167381    
        x(10 (TruePar=16)) =  0.171685E-01

     Eigenvector components that give max increase in Par= 6 (TruePar= 9) for DeltaChisq=1.0
        y( 1) =  0.200470E-03
        y( 2) =  0.521964E-03
        y( 3) =  0.178287E-02
        y( 4) =  0.434241E-02
        y( 5) = -0.174324E-01
        y( 6) = -0.643591E-01
        y( 7) = -0.687490E-01
        y( 8) =  0.995124    
        y( 9) =  0.621494E-02
        y(10) = -0.222345E-01

 Par= 7 TruePar=10 at -0.45166E-01 +/-  0.68409E-01 for DeltaChisq=1.0
 Steps in +/- directions along  7 TruePar 10 give DeltaChisq =  1.0406    ,  1.0021     (expected about  1.0000    )

     Displacements that give max increase in Par= 7 (TruePar=10) for DeltaChisq=1.0
        x( 1 (TruePar= 2)) = -0.587058E-01
        x( 2 (TruePar= 5)) =  0.846713E-02
        x( 3 (TruePar= 6)) = -0.752284E-02
        x( 4 (TruePar= 7)) =  0.311207E-01
        x( 5 (TruePar= 8)) =  0.387215E-01
        x( 6 (TruePar= 9)) = -0.143767    
        x( 7 (TruePar=10)) =  0.684085E-01
        x( 8 (TruePar=14)) = -0.267591E-01
        x( 9 (TruePar=15)) = -0.410371E-01
        x(10 (TruePar=16)) = -0.669772E-01

     Eigenvector components that give max increase in Par= 7 (TruePar=10) for DeltaChisq=1.0
        y( 1) = -0.687326E-01
        y( 2) =  0.944126E-01
        y( 3) = -0.971715E-01
        y( 4) = -0.876219    
        y( 5) = -0.407716    
        y( 6) = -0.106802    
        y( 7) = -0.398523E-02
        y( 8) = -0.175840    
        y( 9) =  0.172338E-01
        y(10) = -0.169812E-01

 Par= 8 TruePar=14 at  0.17241E+01 +/-  0.19488E+01 for DeltaChisq=1.0
 Steps in +/- directions along  8 TruePar 14 give DeltaChisq = 0.35760    ,  1.7629     (expected about  1.0000    )

     Displacements that give max increase in Par= 8 (TruePar=14) for DeltaChisq=1.0
        x( 1 (TruePar= 2)) = -0.756645E-01
        x( 2 (TruePar= 5)) = -0.171615    
        x( 3 (TruePar= 6)) = -0.396527E-01
        x( 4 (TruePar= 7)) = -0.307634E-02
        x( 5 (TruePar= 8)) = -0.312126    
        x( 6 (TruePar= 9)) = -0.950402E-02
        x( 7 (TruePar=10)) = -0.939314E-03
        x( 8 (TruePar=14)) =   1.94882    
        x( 9 (TruePar=15)) = -0.297594E-01
        x(10 (TruePar=16)) =  0.695395E-03

     Eigenvector components that give max increase in Par= 8 (TruePar=14) for DeltaChisq=1.0
        y( 1) = -0.761547E-06
        y( 2) =  0.845365E-05
        y( 3) =  0.546042E-04
        y( 4) = -0.154417E-02
        y( 5) =  0.406403E-02
        y( 6) = -0.467362E-03
        y( 7) =  0.245119E-03
        y( 8) =  0.908423E-02
        y( 9) =  0.261896    
        y(10) =  0.965043    

 Par= 9 TruePar=15 at  0.37455E+01 +/-  0.49185E+00 for DeltaChisq=1.0
 Steps in +/- directions along  9 TruePar 15 give DeltaChisq =  1.2899    , 0.16436     (expected about  1.0000    )

     Displacements that give max increase in Par= 9 (TruePar=15) for DeltaChisq=1.0
        x( 1 (TruePar= 2)) = -0.110934E-01
        x( 2 (TruePar= 5)) =  0.804061E-02
        x( 3 (TruePar= 6)) =  0.124142E-01
        x( 4 (TruePar= 7)) = -0.340673E-02
        x( 5 (TruePar= 8)) =  0.811783E-01
        x( 6 (TruePar= 9)) =  0.297989    
        x( 7 (TruePar=10)) = -0.570765E-02
        x( 8 (TruePar=14)) = -0.117914    
        x( 9 (TruePar=15)) =  0.491846    
        x(10 (TruePar=16)) =  0.835011E-02

     Eigenvector components that give max increase in Par= 9 (TruePar=15) for DeltaChisq=1.0
        y( 1) = -0.256941E-03
        y( 2) = -0.110150E-02
        y( 3) = -0.482394E-02
        y( 4) = -0.106041E-01
        y( 5) =  0.242651E-01
        y( 6) =  0.886470E-01
        y( 7) =  0.904402    
        y( 8) =  0.408837    
        y( 9) =  0.279801E-01
        y(10) = -0.744446E-01

 Par=10 TruePar=16 at  0.55546E-01 +/-  0.71104E-01 for DeltaChisq=1.0
 Steps in +/- directions along 10 TruePar 16 give DeltaChisq = 0.96141    ,  1.0905     (expected about  1.0000    )

     Displacements that give max increase in Par=10 (TruePar=16) for DeltaChisq=1.0
        x( 1 (TruePar= 2)) =  0.800707E-01
        x( 2 (TruePar= 5)) = -0.140841E-01
        x( 3 (TruePar= 6)) =  0.711819E-02
        x( 4 (TruePar= 7)) = -0.258050E-01
        x( 5 (TruePar= 8)) = -0.680004E-01
        x( 6 (TruePar= 9)) =  0.211427    
        x( 7 (TruePar=10)) = -0.644380E-01
        x( 8 (TruePar=14)) =  0.190593E-01
        x( 9 (TruePar=15)) =  0.577599E-01
        x(10 (TruePar=16)) =  0.711042E-01

     Eigenvector components that give max increase in Par=10 (TruePar=16) for DeltaChisq=1.0
        y( 1) = -0.322648E-01
        y( 2) =  0.169002    
        y( 3) = -0.731972E-01
        y( 4) =  0.855637    
        y( 5) =  0.390280    
        y( 6) =  0.118749    
        y( 7) =  0.517068E-02
        y( 8) =  0.254458    
        y( 9) = -0.376098E-01
        y(10) =  0.177300E-01
 **********
 **   10 **MYSTUFF    2000.    
 **********
 mystuff called with argument  2000
 EVPLOT: eigenvalues of the Hessian
 par= 1 dist= 0.73224E-02 e.v.=2/dist**2= 0.37301E+05
 par= 2 dist= 0.18207E-01 e.v.=2/dist**2= 0.60331E+04
 par= 3 dist= 0.49500E-01 e.v.=2/dist**2= 0.81625E+03
 par= 4 dist= 0.97711E-01 e.v.=2/dist**2= 0.20948E+03
 par= 5 dist= 0.10860E+00 e.v.=2/dist**2= 0.16956E+03
 par= 6 dist= 0.19755E+00 e.v.=2/dist**2= 0.51250E+02
 par= 7 dist= 0.47267E+00 e.v.=2/dist**2= 0.89519E+01
 par= 8 dist= 0.92950E+00 e.v.=2/dist**2= 0.23149E+01
 par= 9 dist= 0.14498E+01 e.v.=2/dist**2= 0.95146E+00
 par=10 dist= 0.20170E+01 e.v.=2/dist**2= 0.49161E+00

 Eigenvectors normalized to unit length:

 eigenvector  1
  1:: -0.08 -0.01  0.13  0.68  0.00  0.02 -0.64 -0.00 -0.02 -0.31

 eigenvector  2
  2:: -0.16  0.00  0.32  0.55 -0.00  0.03  0.35  0.00 -0.03  0.66

 eigenvector  3
  3:: -0.32  0.01  0.85 -0.38 -0.01  0.03 -0.13  0.00 -0.05 -0.11

 eigenvector  4
  4:: -0.15 -0.30 -0.20 -0.28  0.04  0.04 -0.61 -0.03 -0.05  0.62

 eigenvector  5
  5::  0.39  0.81  0.10 -0.08 -0.10 -0.14 -0.26  0.07  0.11  0.26

 eigenvector  6
  6::  0.73 -0.49  0.31  0.03  0.01 -0.29 -0.04 -0.00  0.22  0.04

 eigenvector  7
  7:: -0.31  0.01 -0.06  0.00 -0.00 -0.13 -0.00  0.00  0.94  0.00

 eigenvector  8
  8::  0.26 -0.02  0.07 -0.01 -0.02  0.94 -0.01  0.02  0.22  0.02

 eigenvector  9
  9::  0.02  0.07  0.02 -0.00  0.93  0.00  0.00  0.35  0.01 -0.00

 eigenvector 10
 10:: -0.04 -0.10 -0.02 -0.00 -0.34 -0.01 -0.00  0.93 -0.02  0.00

 Error matrix multiplied by 2*UP =   2.00000    :

 ERROR MATRIX FROM ITERATE
  0.128E+00
  0.818E-02 0.734E-01
  0.375E-01 0.843E-02 0.153E-01
 -0.182E-02-0.986E-04-0.724E-03 0.147E-02
  0.104E+00 0.287E+00 0.769E-01-0.173E-02 0.231E+01
  0.235E+00-0.614E-02 0.610E-01-0.108E-01 0.392E-02 0.832E+00
 -0.424E-02 0.609E-03-0.575E-03 0.214E-02 0.269E-02-0.107E-01 0.469E-02
 -0.154E+00-0.350E+00-0.811E-01-0.618E-02-0.665E+00-0.187E-01-0.194E-02 0.394E+01
 -0.346E-01 0.454E-02 0.112E-02-0.176E-02 0.404E-01 0.147E+00-0.307E-02-0.604E-01 0.347E+00
  0.603E-02-0.104E-02 0.599E-03-0.185E-02-0.487E-02 0.163E-01-0.460E-02 0.149E-02 0.450E-02 0.509E-02
