  MINUIT RELEASE 96.03  INITIALIZED.   DIMENSIONS 200/ 50  EPSMAC=  0.89E-15

 PARAMETER DEFINITIONS:
    NO.   NAME         VALUE      STEP SIZE      LIMITS
     1 'Ag        '    1.0000      constant
     2 'As        '    9.8200      0.50000         no limits
     3 'Av        '    1.0000      constant
     4 'ZERO      '    0.0000      constant
     5 'delBg     '    0.0000      0.20000         no limits
     6 'delBs     '    0.0000      0.30000         no limits
     7 'delBv     '    0.0000      0.30000E-01     no limits
     8 'delCg     '    0.0000       1.0000         no limits
     9 'delCs     '    0.0000       3.0000         no limits
    10 'delCv     '    0.0000      0.40000E-01     no limits
    11 'delDg     '    0.0000      constant
    12 'delDs     '    0.0000      constant
    13 'delDv     '    0.0000      constant
    14 'delEg     '    0.0000      constant
    15 'delEs     '    0.0000      0.10000         no limits
    16 'delEv     '    0.0000      0.10000         no limits
    17 'delFs     '    0.0000      constant
    18 'delFv     '    0.0000      constant
    19 'gifl      '    0.0000      constant
    20 'sifl      '    1.0000      constant
    21 'vifl      '    2.0000      constant
 **********
 **    1 **MINIMIZE #UNCOMMENT 
 **********

 FIRST CALL TO USER FUNCTION AT NEW START POINT, WITH IFLAG=4.
 START MIGRAD MINIMIZATION.  STRATEGY 1.  CONVERGENCE WHEN EDM .LT. 0.10E-03

 FCN=   912.4861     FROM MIGRAD    STATUS=INITIATE      74 CALLS       75 TOTAL
                     EDM= unknown      STRATEGY= 1      NO ERROR MATRIX       

  EXT PARAMETER               CURRENT GUESS       STEP         FIRST   
  NO.   NAME        VALUE          ERROR          SIZE      DERIVATIVE 
   1    Ag          1.0000       constant   
   2    As          9.8200       0.50000        0.0000        97.168    
   3    Av          1.0000       constant   
   4    ZERO        0.0000       constant   
   5    delBg     -0.86119       0.20000      -0.86119       -26.370    
   6    delBs       0.0000       0.30000        0.0000       -912.96    
   7    delBv       0.0000       0.30000E-01    0.0000        2936.1    
   8    delCg       0.0000        1.0000        0.0000       -1.4608    
   9    delCs       0.0000        3.0000        0.0000       -494.16    
  10    delCv       0.0000       0.40000E-01    0.0000       -1405.7    
  11    delDg       0.0000       constant   
  12    delDs       0.0000       constant   
  13    delDv       0.0000       constant   
  14    delEg       0.0000       constant   
  15    delEs       0.0000       0.10000        0.0000        666.11    
  16    delEv       0.0000       0.10000        0.0000       -525.37    
  17    delFs       0.0000       constant   
  18    delFv       0.0000       constant   
  19    gifl        0.0000       constant   
  20    sifl        1.0000       constant   
  21    vifl        2.0000       constant   

 MIGRAD MINIMIZATION HAS CONVERGED.

 FCN=   445.9410     FROM MIGRAD    STATUS=CONVERGED   1001 CALLS     1002 TOTAL
                     EDM=  0.47E-06  STRATEGY=1  ERROR MATRIX UNCERTAINTY=  2.5%

  EXT PARAMETER                                   STEP         FIRST   
  NO.   NAME        VALUE          ERROR          SIZE      DERIVATIVE 
   1    Ag          1.0000       constant   
   2    As          14.356        11.573       0.18820E-01  -0.53733E-03
   3    Av          1.0000       constant   
   4    ZERO        0.0000       constant   
   5    delBg      0.71483        1.1105      -0.44595E-03  -0.65712E-04
   6    delBs      0.10341       0.37976       0.62511E-03   0.10468E-01
   7    delBv     -0.35909       0.49682E-01  -0.18464E-04   0.40883E-02
   8    delCg       41.420        41.919       0.13787E-03   0.27733E-04
   9    delCs     -0.12069       0.76726       0.85927E-03   0.25889E-02
  10    delCv     -0.93713E-01   0.74059E-01   0.50509E-05  -0.11061E-01
  11    delDg       0.0000       constant   
  12    delDs       0.0000       constant   
  13    delDv       0.0000       constant   
  14    delEg       0.0000       constant   
  15    delEs     -0.50913       0.76097E-01   0.32574E-05   0.23760E-02
  16    delEv     -0.49772E-01   0.33275E-01  -0.29100E-04  -0.34233E-01
  17    delFs       0.0000       constant   
  18    delFv       0.0000       constant   
  19    gifl        0.0000       constant   
  20    sifl        1.0000       constant   
  21    vifl        2.0000       constant   

 EXTERNAL ERROR MATRIX.    NDIM=  50    NPAR=  9    ERR DEF=  1.00    
  0.134E+03 0.319E+01 0.432E+01 0.618E-01 0.438E+02 0.813E+01 0.235E+00-0.618E+00-0.160E+00
  0.319E+01 0.123E+01 0.997E-01-0.185E-02 0.437E+02 0.933E-01-0.963E-03-0.474E-02-0.499E-02
  0.432E+01 0.997E-01 0.144E+00 0.625E-03 0.871E+00 0.254E+00 0.822E-02-0.176E-01-0.616E-02
  0.618E-01-0.185E-02 0.625E-03 0.247E-02-0.459E-01 0.154E-01 0.270E-02-0.412E-03-0.433E-03
  0.438E+02 0.437E+02 0.871E+00-0.459E-01 0.176E+04-0.179E+01-0.290E+00 0.128E+00-0.473E-01
  0.813E+01 0.933E-01 0.254E+00 0.154E-01-0.179E+01 0.589E+00 0.229E-01-0.431E-01-0.840E-02
  0.235E+00-0.963E-03 0.822E-02 0.270E-02-0.290E+00 0.229E-01 0.548E-02 0.127E-03-0.196E-02
 -0.618E+00-0.474E-02-0.176E-01-0.412E-03 0.128E+00-0.431E-01 0.127E-03 0.579E-02-0.388E-03
 -0.160E+00-0.499E-02-0.616E-02-0.433E-03-0.473E-01-0.840E-02-0.196E-02-0.388E-03 0.111E-02

 PARAMETER  CORRELATION COEFFICIENTS
       NO.  GLOBAL     2     5     6     7     8     9    10    15    16
        2  0.99826  1.000 0.248 0.984 0.107 0.090 0.916 0.274-0.702-0.415
        5  0.97602  0.248 1.000 0.236-0.033 0.939 0.109-0.012-0.056-0.135
        6  0.99739  0.984 0.236 1.000 0.033 0.055 0.871 0.292-0.609-0.487
        7  0.97801  0.107-0.033 0.033 1.000-0.022 0.403 0.734-0.109-0.262
        8  0.98069  0.090 0.939 0.055-0.022 1.000-0.056-0.093 0.040-0.034
        9  0.98731  0.916 0.109 0.871 0.403-0.056 1.000 0.404-0.739-0.329
       10  0.98751  0.274-0.012 0.292 0.734-0.093 0.404 1.000 0.023-0.797
       15  0.95821 -0.702-0.056-0.609-0.109 0.040-0.739 0.023 1.000-0.153
       16  0.98066 -0.415-0.135-0.487-0.262-0.034-0.329-0.797-0.153 1.000
 **********
 **    2 **MIGRAD    5000.    
 **********
 START MIGRAD MINIMIZATION.  STRATEGY 1.  CONVERGENCE WHEN EDM .LT. 0.10E-03

 FCN=   445.9410     FROM MIGRAD    STATUS=INITIATE      18 CALLS     1020 TOTAL
                     EDM=  0.46E-06  STRATEGY=1  ERROR MATRIX UNCERTAINTY=  2.5%

  EXT PARAMETER                                   STEP         FIRST   
  NO.   NAME        VALUE          ERROR          SIZE      DERIVATIVE 
   1    Ag          1.0000       constant   
   2    As          14.356        11.573       0.18820E-01  -0.53733E-03
   3    Av          1.0000       constant   
   4    ZERO        0.0000       constant   
   5    delBg      0.71483        1.1105      -0.44595E-03  -0.65690E-04
   6    delBs      0.10341       0.37976       0.62511E-03   0.10468E-01
   7    delBv     -0.35909       0.49682E-01  -0.18464E-04   0.40883E-02
   8    delCg       41.420        41.919       0.13787E-03   0.27733E-04
   9    delCs     -0.12069       0.76726       0.85927E-03   0.25889E-02
  10    delCv     -0.93713E-01   0.74059E-01   0.50509E-05  -0.11061E-01
  11    delDg       0.0000       constant   
  12    delDs       0.0000       constant   
  13    delDv       0.0000       constant   
  14    delEg       0.0000       constant   
  15    delEs     -0.50913       0.76097E-01   0.32574E-05   0.23760E-02
  16    delEv     -0.49772E-01   0.33275E-01  -0.29100E-04  -0.34233E-01
  17    delFs       0.0000       constant   
  18    delFv       0.0000       constant   
  19    gifl        0.0000       constant   
  20    sifl        1.0000       constant   
  21    vifl        2.0000       constant   

 MIGRAD MINIMIZATION HAS CONVERGED.

 FCN=   445.9410     FROM MIGRAD    STATUS=CONVERGED     39 CALLS     1041 TOTAL
                     EDM=  0.67E-08  STRATEGY=1  ERROR MATRIX UNCERTAINTY=  2.8%

  EXT PARAMETER                                   STEP         FIRST   
  NO.   NAME        VALUE          ERROR          SIZE      DERIVATIVE 
   1    Ag          1.0000       constant   
   2    As          14.357        11.611       0.17542E-02   0.91729E-04
   3    Av          1.0000       constant   
   4    ZERO        0.0000       constant   
   5    delBg      0.71432        1.1408      -0.50756E-03   0.32345E-04
   6    delBs      0.10345       0.38053       0.33843E-04  -0.29054E-02
   7    delBv     -0.35909       0.49617E-01  -0.35266E-05  -0.48883E-03
   8    delCg       41.402        43.289      -0.18587E-01  -0.25279E-05
   9    delCs     -0.12055       0.77377       0.14560E-03  -0.10644E-03
  10    delCv     -0.93730E-01   0.74369E-01  -0.17125E-04  -0.25386E-02
  11    delDg       0.0000       constant   
  12    delDs       0.0000       constant   
  13    delDv       0.0000       constant   
  14    delEg       0.0000       constant   
  15    delEs     -0.50916       0.78464E-01  -0.37475E-04  -0.67885E-03
  16    delEv     -0.49760E-01   0.34143E-01   0.11823E-04  -0.89313E-02
  17    delFs       0.0000       constant   
  18    delFv       0.0000       constant   
  19    gifl        0.0000       constant   
  20    sifl        1.0000       constant   
  21    vifl        2.0000       constant   

 EXTERNAL ERROR MATRIX.    NDIM=  50    NPAR=  9    ERR DEF=  1.00    
  0.135E+03 0.294E+01 0.435E+01 0.625E-01 0.336E+02 0.823E+01 0.228E+00-0.636E+00-0.153E+00
  0.294E+01 0.130E+01 0.930E-01-0.207E-02 0.466E+02 0.660E-01 0.866E-03 0.248E-03-0.704E-02
  0.435E+01 0.930E-01 0.145E+00 0.625E-03 0.603E+00 0.256E+00 0.802E-02-0.181E-01-0.597E-02
  0.625E-01-0.207E-02 0.625E-03 0.246E-02-0.518E-01 0.154E-01 0.269E-02-0.429E-03-0.431E-03
  0.336E+02 0.466E+02 0.603E+00-0.518E-01 0.187E+04-0.289E+01-0.211E+00 0.337E+00-0.130E+00
  0.823E+01 0.660E-01 0.256E+00 0.154E-01-0.289E+01 0.599E+00 0.222E-01-0.451E-01-0.763E-02
  0.228E+00 0.866E-03 0.802E-02 0.269E-02-0.211E+00 0.222E-01 0.553E-02 0.261E-03-0.202E-02
 -0.636E+00 0.248E-03-0.181E-01-0.429E-03 0.337E+00-0.451E-01 0.261E-03 0.616E-02-0.538E-03
 -0.153E+00-0.704E-02-0.597E-02-0.431E-03-0.130E+00-0.763E-02-0.202E-02-0.538E-03 0.117E-02

 PARAMETER  CORRELATION COEFFICIENTS
       NO.  GLOBAL     2     5     6     7     8     9    10    15    16
        2  0.99829  1.000 0.222 0.984 0.108 0.067 0.916 0.264-0.698-0.385
        5  0.97729  0.222 1.000 0.214-0.037 0.943 0.075 0.010 0.003-0.181
        6  0.99744  0.984 0.214 1.000 0.033 0.037 0.870 0.283-0.605-0.460
        7  0.97796  0.108-0.037 0.033 1.000-0.024 0.400 0.729-0.110-0.254
        8  0.98189  0.067 0.943 0.037-0.024 1.000-0.086-0.066 0.099-0.088
        9  0.98745  0.916 0.075 0.870 0.400-0.086 1.000 0.385-0.743-0.289
       10  0.98755  0.264 0.010 0.283 0.729-0.066 0.385 1.000 0.045-0.796
       15  0.96076 -0.698 0.003-0.605-0.110 0.099-0.743 0.045 1.000-0.201
       16  0.98135 -0.385-0.181-0.460-0.254-0.088-0.289-0.796-0.201 1.000
 **********
 **    3 **CALL FCN    3.000    
 **********
 **********
 **    4 **#SCAN #UNCOMMENT TO 
 **********
           UNKNOWN COMMAND IGNORED:#SCAN #UNCOMMENT To 
 **********
 **    5 **#SCAN    4.000    
 **********
           UNKNOWN COMMAND IGNORED:#SCAN 
 **********
 **    6 **#SCAN    5.000    
 **********
           UNKNOWN COMMAND IGNORED:#SCAN 
 **********
 **    7 **#SCAN    6.000    
 **********
           UNKNOWN COMMAND IGNORED:#SCAN 
