  MINUIT RELEASE 96.03  INITIALIZED.   DIMENSIONS 200/ 50  EPSMAC=  0.89E-15

 PARAMETER DEFINITIONS:
    NO.   NAME         VALUE      STEP SIZE      LIMITS
     1 'Ag        '    1.0000      constant
     2 'As        '    8.7663      0.10000         no limits
     3 'Av        '    1.0000      constant
     4 'ZERO      '    0.0000      constant
     5 'delBg     '    0.0000      0.10000         no limits
     6 'delBs     '    0.0000      0.10000         no limits
     7 'delBv     '    0.0000      0.10000         no limits
     8 'delCg     '    0.0000      0.10000         no limits
     9 'delCs     '    0.0000      0.10000         no limits
    10 'delCv     '    0.0000      0.10000         no limits
    11 'delDg     '    0.0000      constant
    12 'delDs     '    0.0000      0.10000         no limits
    13 'delDv     '    0.0000      0.10000         no limits
    14 'delEg     '    0.0000      0.10000         no limits
    15 'delEs     '    0.0000      0.10000         no limits
    16 'delEv     '    0.0000      0.10000         no limits
    17 'delFs     '    0.0000      constant
    18 'delFv     '    0.0000      constant
    19 'gifl      '    0.0000      constant
    20 'sifl      '    1.0000      constant
    21 'vifl      '    2.0000      constant
 **********
 **    1 **MINIMIZE #UNCOMMENT 
 **********

 FIRST CALL TO USER FUNCTION AT NEW START POINT, WITH IFLAG=4.
 START MIGRAD MINIMIZATION.  STRATEGY 1.  CONVERGENCE WHEN EDM .LT. 0.10E-03

 FCN=   444.2976     FROM MIGRAD    STATUS=INITIATE      78 CALLS       79 TOTAL
                     EDM= unknown      STRATEGY= 1      NO ERROR MATRIX       

  EXT PARAMETER               CURRENT GUESS       STEP         FIRST   
  NO.   NAME        VALUE          ERROR          SIZE      DERIVATIVE 
   1    Ag          1.0000       constant   
   2    As          8.7663       0.10000        0.0000      -0.31069    
   3    Av          1.0000       constant   
   4    ZERO        0.0000       constant   
   5    delBg       0.0000       0.10000        0.0000       0.19057    
   6    delBs       0.0000       0.10000        0.0000       0.46761    
   7    delBv       0.0000       0.10000        0.0000        20.816    
   8    delCg       0.0000       0.10000        0.0000      -0.48992E-02
   9    delCs       0.0000       0.10000        0.0000      -0.89551E-01
  10    delCv       0.0000       0.10000        0.0000       -7.1796    
  11    delDg       0.0000       constant   
  12    delDs       0.0000       0.10000        0.0000      -0.15210    
  13    delDv       0.0000       0.10000        0.0000       -14.273    
  14    delEg      0.34215E-02   0.10000       0.34215E-02  -0.95274    
  15    delEs       0.0000       0.10000        0.0000      -0.26216    
  16    delEv       0.0000       0.10000        0.0000       -11.680    
  17    delFs       0.0000       constant   
  18    delFv       0.0000       constant   
  19    gifl        0.0000       constant   
  20    sifl        1.0000       constant   
  21    vifl        2.0000       constant   
 MIGRAD FAILS TO FIND IMPROVEMENT
 COVARIANCE MATRIX CALCULATED SUCCESSFULLY

 FCN=   442.8703     FROM HESSE     STATUS=OK           119 CALLS     1404 TOTAL
                     EDM=  0.53E-01    STRATEGY= 1      ERROR MATRIX ACCURATE 

  EXT PARAMETER                                   STEP         FIRST   
  NO.   NAME        VALUE          ERROR          SIZE      DERIVATIVE 
   1    Ag          1.0000       constant   
   2    As          20.431        15.887       0.51614E-02  -0.34396E-01
   3    Av          1.0000       constant   
   4    ZERO        0.0000       constant   
   5    delBg      0.71658        2.0556       0.41230E-02   0.90382E-02
   6    delBs      0.16514       0.30617       0.15615E-03   0.64910    
   7    delBv     -0.73195E-01   0.13300       0.33695E-04   -2.1398    
   8    delCg       33.176        110.60       0.20358       0.21573E-02
   9    delCs      0.84576       0.80454       0.92267E-03   0.63812E-01
  10    delCv      0.71497E-02   0.59420E-01   0.11503E-03    1.9827    
  11    delDg       0.0000       constant   
  12    delDs     -0.33529       0.16388E-01   0.19586E-03  -0.14879    
  13    delDv     -0.51332E-01   0.78533E-01   0.22074E-04    4.9354    
  14    delEg      0.18216E-03   0.10211       0.99557E-02   -1.4697    
  15    delEs     -0.14553       0.13745       0.13671E-03   0.52998E-01
  16    delEv     -0.38026E-01   0.70339E-01   0.65226E-04   0.30126    
  17    delFs       0.0000       constant   
  18    delFv       0.0000       constant   
  19    gifl        0.0000       constant   
  20    sifl        1.0000       constant   
  21    vifl        2.0000       constant   

 MIGRAD MINIMIZATION HAS CONVERGED.

 FCN=   442.8206     FROM MIGRAD    STATUS=CONVERGED   1739 CALLS     1740 TOTAL
                     EDM=  0.83E-05  STRATEGY=1  ERROR MATRIX UNCERTAINTY=  1.9%

  EXT PARAMETER                                   STEP         FIRST   
  NO.   NAME        VALUE          ERROR          SIZE      DERIVATIVE 
   1    Ag          1.0000       constant   
   2    As          22.772        15.465       0.31737E-01  -0.40809E-02
   3    Av          1.0000       constant   
   4    ZERO        0.0000       constant   
   5    delBg      0.56829        1.7169       0.86022E-03  -0.36571E-02
   6    delBs      0.20386       0.25582       0.50573E-03   0.14532    
   7    delBv     -0.83565E-01   0.94440E-01  -0.78949E-04   0.53279    
   8    delCg       22.042        88.044       0.85058E-02   0.51447E-04
   9    delCs      0.96109       0.80270       0.14809E-02   0.14270E-01
  10    delCv      0.33327E-02   0.58239E-01  -0.73827E-04  -0.17797    
  11    delDg       0.0000       constant   
  12    delDs     -0.33534       0.16655E-01  -0.73950E-05   0.91056E-02
  13    delDv     -0.57507E-01   0.52671E-01  -0.45323E-04  -0.73645    
  14    delEg      0.36131E-02   0.13571E-01  -0.32513E-04  -0.43191E-01
  15    delEs     -0.16354       0.11427      -0.23452E-03  -0.18763    
  16    delEv     -0.36541E-01   0.52001E-01   0.61282E-04  -0.37450    
  17    delFs       0.0000       constant   
  18    delFv       0.0000       constant   
  19    gifl        0.0000       constant   
  20    sifl        1.0000       constant   
  21    vifl        2.0000       constant   

 EXTERNAL ERROR MATRIX.    NDIM=  50    NPAR= 12    ERR DEF=  1.00    
 ELEMENTS ABOVE DIAGONAL ARE NOT PRINTED.
  0.239E+03
  0.430E+01 0.295E+01
  0.388E+01 0.681E-01 0.654E-01
 -0.852E+00-0.264E-01-0.123E-01 0.892E-02
 -0.794E+02 0.140E+03-0.198E+01-0.598E+00 0.775E+04
  0.114E+02 0.118E+00 0.185E+00-0.378E-01-0.103E+02 0.644E+00
 -0.884E-01-0.887E-02-0.707E-03 0.132E-02-0.400E+00 0.371E-02 0.339E-02
 -0.444E-01 0.659E-04-0.551E-03 0.220E-03 0.304E-01-0.218E-02 0.367E-04 0.277E-03
 -0.492E+00-0.140E-01-0.704E-02 0.493E-02-0.278E+00-0.238E-01 0.626E-03 0.124E-03 0.277E-02
  0.206E-01 0.725E-03 0.353E-03-0.339E-04 0.837E-03 0.100E-02-0.350E-04-0.646E-06-0.222E-04 0.184E-03
 -0.142E+01-0.244E-01-0.211E-01 0.531E-02 0.243E+00-0.592E-01 0.330E-02 0.280E-03 0.303E-02-0.140E-03 0.131E-01
 -0.440E-01-0.659E-02-0.101E-02 0.190E-02-0.468E+00-0.790E-03-0.186E-02 0.240E-04 0.946E-03 0.361E-04-0.209E-02
  0.270E-02

 PARAMETER  CORRELATION COEFFICIENTS
       NO.  GLOBAL     2     5     6     7     8     9    10    12    13    14    15    16
        2  0.99939  1.000 0.162 0.982-0.583-0.058 0.916-0.098-0.172-0.604 0.098-0.803-0.055
        5  0.98112  0.162 1.000 0.155-0.163 0.926 0.085-0.089 0.002-0.155 0.031-0.125-0.074
        6  0.99814  0.982 0.155 1.000-0.507-0.088 0.899-0.047-0.129-0.523 0.102-0.720-0.076
        7  0.99964 -0.583-0.163-0.507 1.000-0.072-0.499 0.240 0.140 0.991-0.026 0.492 0.386
        8  0.98448 -0.058 0.926-0.088-0.072 1.000-0.146-0.078 0.021-0.060 0.001 0.024-0.102
        9  0.99555  0.916 0.085 0.899-0.499-0.146 1.000 0.079-0.163-0.562 0.092-0.645-0.019
       10  0.98264 -0.098-0.089-0.047 0.240-0.078 0.079 1.000 0.038 0.204-0.044 0.495-0.615
       12  0.45366 -0.172 0.002-0.129 0.140 0.021-0.163 0.038 1.000 0.141-0.003 0.147 0.028
       13  0.99957 -0.604-0.155-0.523 0.991-0.060-0.562 0.204 0.141 1.000-0.031 0.504 0.345
       14  0.12720  0.098 0.031 0.102-0.026 0.001 0.092-0.044-0.003-0.031 1.000-0.090 0.051
       15  0.99294 -0.803-0.125-0.720 0.492 0.024-0.645 0.495 0.147 0.504-0.090 1.000-0.352
       16  0.99207 -0.055-0.074-0.076 0.386-0.102-0.019-0.615 0.028 0.345 0.051-0.352 1.000
 **********
 **    2 **CALL FCN    3.000    
 **********
 **********
 **    3 **#SCAN #UNCOMMENT TO 
 **********
           UNKNOWN COMMAND IGNORED:#SCAN #UNCOMMENT To 
 **********
 **    4 **#SCAN    4.000    
 **********
           UNKNOWN COMMAND IGNORED:#SCAN 
 **********
 **    5 **#SCAN    5.000    
 **********
           UNKNOWN COMMAND IGNORED:#SCAN 
 **********
 **    6 **#SCAN    6.000    
 **********
           UNKNOWN COMMAND IGNORED:#SCAN 
