# Output file containing the functional from each flavor 

# xf(x) = <xf>*x^Sc1*(1-x)^Sc2*(1+fbezier(x)) 

# gluon -- metamorph 0
<xf> = 0.268672
Scm[1] = -0.374278
Scm[2] = 2.82619

C[0] = 0
C[1] = 0
# sea  -- metamorph 1
<xf> = 0.179781
Scm[1] = 0.732928
Scm[2] = 8.18711

C[0] = 0
C[1] = 0
# valence  -- metamorph 2
<xf> = 0.551547
Scm[1] = 0.743206
Scm[2] = 0.951781

C[0] = 0
C[1] = 0
