  MINUIT RELEASE 96.03  INITIALIZED.   DIMENSIONS 200/ 50  EPSMAC=  0.89E-15

 PARAMETER DEFINITIONS:
    NO.   NAME         VALUE      STEP SIZE      LIMITS
     1 'Ag        '    1.0000      constant
     2 'As        '    9.8200      0.50000         no limits
     3 'Av        '    1.0000      constant
     4 'ZERO      '    0.0000      constant
     5 'delBg     '    0.0000      0.20000         no limits
     6 'delBs     '    0.0000      0.30000         no limits
     7 'delBv     '    0.0000      0.30000E-01     no limits
     8 'delCg     '    0.0000       1.0000         no limits
     9 'delCs     '    0.0000       3.0000         no limits
    10 'delCv     '    0.0000      0.40000E-01     no limits
    11 'delDg     '    0.0000      constant
    12 'delDs     '    0.0000      constant
    13 'delDv     '    0.0000      constant
    14 'gifl      '    0.0000      constant
    15 'sifl      '    1.0000      constant
    16 'vifl      '    2.0000      constant
 **********
 **    1 **MINIMIZE #UNCOMMENT 
 **********

 FIRST CALL TO USER FUNCTION AT NEW START POINT, WITH IFLAG=4.
 START MIGRAD MINIMIZATION.  STRATEGY 1.  CONVERGENCE WHEN EDM .LT. 0.10E-03

 FCN=   454.3382     FROM MIGRAD    STATUS=INITIATE      24 CALLS       25 TOTAL
                     EDM= unknown      STRATEGY= 1      NO ERROR MATRIX       

  EXT PARAMETER               CURRENT GUESS       STEP         FIRST   
  NO.   NAME        VALUE          ERROR          SIZE      DERIVATIVE 
   1    Ag          1.0000       constant   
   2    As          9.8200       0.50000       0.50000       -4.2183    
   3    Av          1.0000       constant   
   4    ZERO        0.0000       constant   
   5    delBg       0.0000       0.20000       0.20000        1.6641    
   6    delBs       0.0000       0.30000       0.30000        62.382    
   7    delBv       0.0000       0.30000E-01   0.30000E-01    327.18    
   8    delCg       0.0000        1.0000        1.0000       0.19229E-01
   9    delCs       0.0000        3.0000        3.0000        11.158    
  10    delCv       0.0000       0.40000E-01   0.40000E-01   -267.65    
  11    delDg       0.0000       constant   
  12    delDs       0.0000       constant   
  13    delDv       0.0000       constant   
  14    gifl        0.0000       constant   
  15    sifl        1.0000       constant   
  16    vifl        2.0000       constant   

 MIGRAD MINIMIZATION HAS CONVERGED.

 MIGRAD WILL VERIFY CONVERGENCE AND ERROR MATRIX.
 COVARIANCE MATRIX CALCULATED SUCCESSFULLY

 FCN=   451.4387     FROM MIGRAD    STATUS=CONVERGED    222 CALLS      223 TOTAL
                     EDM=  0.51E-04    STRATEGY= 1      ERROR MATRIX ACCURATE 

  EXT PARAMETER                                   STEP         FIRST   
  NO.   NAME        VALUE          ERROR          SIZE      DERIVATIVE 
   1    Ag          1.0000       constant   
   2    As          9.7961        7.7016       0.60095E-02  -0.14743E-02
   3    Av          1.0000       constant   
   4    ZERO        0.0000       constant   
   5    delBg     -0.42572E-02   0.19657       0.10717E-02  -0.16863E-02
   6    delBs      0.29345E-02   0.28605       0.36968E-03   0.37993E-02
   7    delBv     -0.16802E-01   0.27094E-01   0.10506E-03   0.24021E-01
   8    delCg     -0.37947E-02    1.6668       0.86059E-02   0.88830E-04
   9    delCs     -0.27710E-02    1.6620       0.24508E-02   0.23504E-03
  10    delCv      0.17796E-02   0.24660E-01   0.11476E-03  -0.15461E-01
  11    delDg       0.0000       constant   
  12    delDs       0.0000       constant   
  13    delDv       0.0000       constant   
  14    gifl        0.0000       constant   
  15    sifl        1.0000       constant   
  16    vifl        2.0000       constant   

 EXTERNAL ERROR MATRIX.    NDIM=  50    NPAR=  7    ERR DEF=  1.00    
  0.593E+02 0.320E+00 0.214E+01 0.107E-02 0.499E+01 0.121E+02 0.680E-01
  0.320E+00 0.386E-01 0.163E-01-0.145E-02 0.260E+00 0.614E-01-0.280E-03
  0.214E+01 0.163E-01 0.818E-01-0.743E-03 0.220E+00 0.416E+00 0.181E-02
  0.107E-02-0.145E-02-0.743E-03 0.734E-03-0.316E-02-0.336E-02 0.450E-03
  0.499E+01 0.260E+00 0.220E+00-0.316E-02 0.278E+01 0.774E+00 0.231E-02
  0.121E+02 0.614E-01 0.416E+00-0.336E-02 0.774E+00 0.276E+01 0.166E-01
  0.680E-01-0.280E-03 0.181E-02 0.450E-03 0.231E-02 0.166E-01 0.608E-03

 PARAMETER  CORRELATION COEFFICIENTS
       NO.  GLOBAL     2     5     6     7     8     9    10
        2  0.99717  1.000 0.212 0.970 0.005 0.389 0.946 0.358
        5  0.85103  0.212 1.000 0.291-0.272 0.795 0.188-0.058
        6  0.99223  0.970 0.291 1.000-0.096 0.461 0.875 0.257
        7  0.92769  0.005-0.272-0.096 1.000-0.070-0.075 0.673
        8  0.86719  0.389 0.795 0.461-0.070 1.000 0.279 0.056
        9  0.98987  0.946 0.188 0.875-0.075 0.279 1.000 0.406
       10  0.89401  0.358-0.058 0.257 0.673 0.056 0.406 1.000
 **********
 **    2 **CALL FCN    3.000    
 **********
 **********
 **    3 **#SCAN #UNCOMMENT TO 
 **********
           UNKNOWN COMMAND IGNORED:#SCAN #UNCOMMENT To 
 **********
 **    4 **#SCAN    4.000    
 **********
           UNKNOWN COMMAND IGNORED:#SCAN 
 **********
 **    5 **#SCAN    5.000    
 **********
           UNKNOWN COMMAND IGNORED:#SCAN 
 **********
 **    6 **#SCAN    6.000    
 **********
           UNKNOWN COMMAND IGNORED:#SCAN 
