# Output file containing the functional from each flavor 

# xf(x) = <xf>*x^Sc1*(1-x)^Sc2*(1+fbezier(x)) 

# gluon -- metamorph 0
<xf> = 0.266694
Scm[1] = -0.374257
Scm[2] = 2.82621

C[0] = -0.0143264
C[1] = 6.37788
C[2] = -6.01087
# sea  -- metamorph 1
<xf> = 0.181865
Scm[1] = 0.732935
Scm[2] = 8.18723

C[0] = 0.339573
C[1] = -0.0800505
C[2] = -4.84983e-09
# valence  -- metamorph 2
<xf> = 0.551441
Scm[1] = 0.743198
Scm[2] = 0.95178

C[0] = -2.85615e-05
C[1] = 0.0127151
C[2] = -0.0119835
