# Output file containing the functional from each flavor 

# xf(x) = <xf>*x^Sc1*(1-x)^Sc2*(1+fbezier(x)) 

# gluon -- metamorph 0
<xf> = 0.269952
Scm[1] = -0.371686
Scm[2] = 2.87005

C[0] = -8.18415e-08
C[1] = 0.0649575
# sea  -- metamorph 1
<xf> = 0.176901
Scm[1] = 0.747836
Scm[2] = 8.12566

C[0] = 1.28218e-06
C[1] = -1.01767
# valence  -- metamorph 2
<xf> = 0.553147
Scm[1] = 0.750216
Scm[2] = 0.938689

C[0] = 8.18415e-08
C[1] = -0.0649575
