# Output file containing the functional from each flavor 

# xf(x) = <xf>*x^Sc1*(1-x)^Sc2*(1+fbezier(x)) 

# gluon -- metamorph 0
<xf> = 0.321029
Scm[1] = -0.122955
Scm[2] = 7.01425

C[0] = -1.06965e-05
C[1] = 8.48977
# sea  -- metamorph 1
<xf> = 0.128611
Scm[1] = 2
Scm[2] = 15.2337

C[0] = -6.13812e-06
C[1] = 4.87183
# valence  -- metamorph 2
<xf> = 0.550359
Scm[1] = 0.753306
Scm[2] = 0.912417

C[0] = 2.40754e-07
C[1] = -0.191087
