# Output file containing the functional from each flavor 

# xf(x) = <xf>*x^Sc1*(1-x)^Sc2*(1+fbezier(x)) 

# gluon -- metamorph 0
<xf> = 0.134703
Scm[1] = 1.35897
Scm[2] = 89.0743

C[0] = 7.50213e-10
C[1] = -3.33983e-07
C[2] = 3.14765e-07
# sea  -- metamorph 1
<xf> = 0.427245
Scm[1] = 0.938594
Scm[2] = 4.47592

C[0] = 1.2161e-07
C[1] = -1.54434
C[2] = 1.45625
# valence  -- metamorph 2
<xf> = 0.438052
Scm[1] = 0.0667357
Scm[2] = 0.924359

C[0] = -0.964011
C[1] = -0.371609
C[2] = 0.564703
