# Output file containing the functional from each flavor 

# xf(x) = <xf>*x^Sc1*(1-x)^Sc2*(1+fbezier(x)) 

# gluon -- metamorph 0
<xf> = 0.275639
Scm[1] = -0.37
Scm[2] = 2.84

C[0] = -2.07506e-05
C[1] = 8.2349
C[2] = -52.0095
# sea  -- metamorph 1
<xf> = 0.170085
Scm[1] = 0.77
Scm[2] = 8.48

C[0] = -1.60194e-06
C[1] = 0.635737
C[2] = -13.1086
# valence  -- metamorph 2
<xf> = 0.554275
Scm[1] = 0.75
Scm[2] = 0.94

C[0] = -5.68051e-08
C[1] = 0.0225432
C[2] = -0.146303
