# Output file containing the functional from each flavor 

# xf(x) = <xf>*x^Sc1*(1-x)^Sc2*(1+fbezier(x)) 

# gluon -- metamorph 0
<xf> = 0.251866
Scm[1] = -0.37
Scm[2] = 2.84

C[0] = -0.00805672
C[1] = 3.58673
C[2] = -3.38034
# sea  -- metamorph 1
<xf> = 0.190455
Scm[1] = 0.77
Scm[2] = 8.48

C[0] = -0.00125331
C[1] = 0.557955
C[2] = -0.525848
# valence  -- metamorph 2
<xf> = 0.557679
Scm[1] = 0.75
Scm[2] = 0.94

C[0] = 1.43574e-05
C[1] = -0.0063917
C[2] = 0.0060239
