# Output file containing the functional from each flavor 

# xf(x) = <xf>*x^Sc1*(1-x)^Sc2*(1+fbezier(x)) 

# gluon -- metamorph 0
<xf> = 0.146301
Scm[1] = -0.587903
Scm[2] = 4.34495

C[0] = -2.70128e-06
C[1] = 9.13215e-06
C[2] = -1.59772e-06
# sea  -- metamorph 1
<xf> = 0.398513
Scm[1] = 0.467284
Scm[2] = 3.56873

C[0] = -5.62602e-06
C[1] = 1.90197e-05
C[2] = -3.3276e-06
# valence  -- metamorph 2
<xf> = 0.455186
Scm[1] = 0.514193
Scm[2] = 1.00539

C[0] = 0.45797
C[1] = -1.54825
C[2] = 0.270874
