  MINUIT RELEASE 96.03  INITIALIZED.   DIMENSIONS 200/ 50  EPSMAC=  0.89E-15

 PARAMETER DEFINITIONS:
    NO.   NAME         VALUE      STEP SIZE      LIMITS
     1 'Ag        '    1.0000      constant
     2 'As        '    9.8200      0.50000         no limits
     3 'Av        '    1.0000      constant
     4 'ZERO      '    0.0000      constant
     5 'delBg     '    0.0000      0.20000         no limits
     6 'delBs     '    0.0000      0.30000         no limits
     7 'delBv     '    0.0000      0.30000E-01     no limits
     8 'delCg     '    0.0000       1.0000         no limits
     9 'delCs     '    0.0000       3.0000         no limits
    10 'delCv     '    0.0000      0.40000E-01     no limits
    11 'delDg     '    0.0000      constant
    12 'delDs     '    0.0000      constant
    13 'delDv     '    0.0000      constant
    14 'delEg     '    0.0000      constant
    15 'delEs     '    0.0000      0.10000         no limits
    16 'delEv     '    0.0000      0.10000         no limits
    17 'delFs     '    0.0000      constant
    18 'delFv     '    0.0000      constant
    19 'gifl      '    0.0000      constant
    20 'sifl      '    1.0000      constant
    21 'vifl      '    2.0000      constant
 **********
 **    1 **MINIMIZE #UNCOMMENT 
 **********

 FIRST CALL TO USER FUNCTION AT NEW START POINT, WITH IFLAG=4.
 START MIGRAD MINIMIZATION.  STRATEGY 1.  CONVERGENCE WHEN EDM .LT. 0.10E-03

 FCN=   912.4861     FROM MIGRAD    STATUS=INITIATE      74 CALLS       75 TOTAL
                     EDM= unknown      STRATEGY= 1      NO ERROR MATRIX       

  EXT PARAMETER               CURRENT GUESS       STEP         FIRST   
  NO.   NAME        VALUE          ERROR          SIZE      DERIVATIVE 
   1    Ag          1.0000       constant   
   2    As          9.8200       0.50000        0.0000        97.168    
   3    Av          1.0000       constant   
   4    ZERO        0.0000       constant   
   5    delBg     -0.86119       0.20000      -0.86119       -26.370    
   6    delBs       0.0000       0.30000        0.0000       -912.96    
   7    delBv       0.0000       0.30000E-01    0.0000        2936.1    
   8    delCg       0.0000        1.0000        0.0000       -1.4608    
   9    delCs       0.0000        3.0000        0.0000       -494.16    
  10    delCv       0.0000       0.40000E-01    0.0000       -1405.7    
  11    delDg       0.0000       constant   
  12    delDs       0.0000       constant   
  13    delDv       0.0000       constant   
  14    delEg       0.0000       constant   
  15    delEs       0.0000       0.10000        0.0000        999.63    
  16    delEv       0.0000       0.10000        0.0000       -1482.8    
  17    delFs       0.0000       constant   
  18    delFv       0.0000       constant   
  19    gifl        0.0000       constant   
  20    sifl        1.0000       constant   
  21    vifl        2.0000       constant   
 CALL LIMIT EXCEEDED IN MIGRAD.
 MIGRAD TERMINATED WITHOUT CONVERGENCE.

 FCN=   444.5104     FROM MIGRAD    STATUS=CALL LIMIT  1520 CALLS     1521 TOTAL
                     EDM=  0.75E-02  STRATEGY=1  ERROR MATRIX UNCERTAINTY=  6.4%

  EXT PARAMETER                APPROXIMATE        STEP         FIRST   
  NO.   NAME        VALUE          ERROR          SIZE      DERIVATIVE 
   1    Ag          1.0000       constant   
   2    As          4.4400        1.0897      -0.16969E-01   0.66283    
   3    Av          1.0000       constant   
   4    ZERO        0.0000       constant   
   5    delBg       1.2982       0.67615      -0.19691E-01   0.81873E-01
   6    delBs     -0.45691       0.10007      -0.25648E-03   -3.4200    
   7    delBv     -0.53318       0.42846E-01   0.38978E-04   -4.1895    
   8    delCg       139.53        40.661      -0.67323       0.21445E-02
   9    delCs     -0.68891       0.33637      -0.47549E-02  -0.68534    
  10    delCv      0.23188E-01   0.37405E-01   0.39233E-03    2.8232    
  11    delDg       0.0000       constant   
  12    delDs       0.0000       constant   
  13    delDv       0.0000       constant   
  14    delEg       0.0000       constant   
  15    delEs      0.24487       0.20929       0.28458E-02    3.1763    
  16    delEv     -0.47600       0.53514E-01   0.10551E-04    7.7969    
  17    delFs       0.0000       constant   
  18    delFv       0.0000       constant   
  19    gifl        0.0000       constant   
  20    sifl        1.0000       constant   
  21    vifl        2.0000       constant   

 EXTERNAL ERROR MATRIX.    NDIM=  50    NPAR=  9    ERR DEF=  1.00    
  0.119E+01-0.203E-01 0.308E-01-0.206E-02 0.174E+01 0.253E+00 0.283E-02-0.136E+00-0.785E-02
 -0.203E-01 0.457E+00-0.150E-02 0.939E-02 0.117E+01 0.238E-01-0.522E-02-0.286E-01 0.169E-01
  0.308E-01-0.150E-02 0.100E-01 0.503E-03-0.345E+01 0.184E-01 0.112E-02 0.111E-01-0.175E-03
 -0.206E-02 0.939E-02 0.503E-03 0.184E-02-0.111E+00 0.712E-02 0.272E-03-0.524E-03 0.205E-02
  0.174E+01 0.117E+01-0.345E+01-0.111E+00 0.165E+04-0.436E+01-0.560E+00-0.620E+01 0.171E+00
  0.253E+00 0.238E-01 0.184E-01 0.712E-02-0.436E+01 0.113E+00 0.592E-02-0.105E-01 0.420E-02
  0.283E-02-0.522E-02 0.112E-02 0.272E-03-0.560E+00 0.592E-02 0.140E-02 0.280E-02-0.519E-03
 -0.136E+00-0.286E-01 0.111E-01-0.524E-03-0.620E+01-0.105E-01 0.280E-02 0.438E-01-0.211E-02
 -0.785E-02 0.169E-01-0.175E-03 0.205E-02 0.171E+00 0.420E-02-0.519E-03-0.211E-02 0.286E-02
 ERR MATRIX APPROXIMATE

 PARAMETER  CORRELATION COEFFICIENTS
       NO.  GLOBAL     2     5     6     7     8     9    10    15    16
        2  0.99952  1.000-0.028 0.282-0.044 0.039 0.691 0.070-0.597-0.135
        5  0.93104 -0.028 1.000-0.022 0.324 0.043 0.105-0.207-0.202 0.466
        6  0.99824  0.282-0.022 1.000 0.117-0.847 0.548 0.299 0.529-0.033
        7  0.99583 -0.044 0.324 0.117 1.000-0.064 0.494 0.170-0.058 0.893
        8  0.97508  0.039 0.043-0.847-0.064 1.000-0.319-0.368-0.729 0.079
        9  0.99539  0.691 0.105 0.548 0.494-0.319 1.000 0.470-0.149 0.233
       10  0.98296  0.070-0.207 0.299 0.170-0.368 0.470 1.000 0.358-0.259
       15  0.99949 -0.597-0.202 0.529-0.058-0.729-0.149 0.358 1.000-0.189
       16  0.99879 -0.135 0.466-0.033 0.893 0.079 0.233-0.259-0.189 1.000
 ERR MATRIX APPROXIMATE
 **********
 **    2 **MIGRAD    4000.    
 **********
 START MIGRAD MINIMIZATION.  STRATEGY 1.  CONVERGENCE WHEN EDM .LT. 0.10E-03

 FCN=   444.5104     FROM MIGRAD    STATUS=INITIATE      18 CALLS     1539 TOTAL
                     EDM=  0.43E-03  STRATEGY=1  ERROR MATRIX UNCERTAINTY=  6.4%

  EXT PARAMETER                APPROXIMATE        STEP         FIRST   
  NO.   NAME        VALUE          ERROR          SIZE      DERIVATIVE 
   1    Ag          1.0000       constant   
   2    As          4.4400        1.0897      -0.16969E-01   0.66283    
   3    Av          1.0000       constant   
   4    ZERO        0.0000       constant   
   5    delBg       1.2982       0.67615      -0.19691E-01   0.81873E-01
   6    delBs     -0.45691       0.10007      -0.25648E-03   -3.4200    
   7    delBv     -0.53318       0.42846E-01   0.38978E-04   -4.1895    
   8    delCg       139.53        40.661      -0.67323       0.21445E-02
   9    delCs     -0.68891       0.33637      -0.47549E-02  -0.68534    
  10    delCv      0.23188E-01   0.37405E-01   0.39233E-03    2.8232    
  11    delDg       0.0000       constant   
  12    delDs       0.0000       constant   
  13    delDv       0.0000       constant   
  14    delEg       0.0000       constant   
  15    delEs      0.24487       0.20929       0.28458E-02    3.1763    
  16    delEv     -0.47600       0.53514E-01   0.10551E-04    7.7969    
  17    delFs       0.0000       constant   
  18    delFv       0.0000       constant   
  19    gifl        0.0000       constant   
  20    sifl        1.0000       constant   
  21    vifl        2.0000       constant   

 MIGRAD MINIMIZATION HAS CONVERGED.

 MIGRAD WILL VERIFY CONVERGENCE AND ERROR MATRIX.
 EIGENVALUES OF SECOND-DERIVATIVE MATRIX:
        -0.3857E-03  0.3887E-02  0.6524E-02  0.3113E-01  0.5081E-01  0.4516E+00
         0.6672E+00  0.2596E+01  0.5193E+01
 MINUIT WARNING IN HESSE   
 ============== MATRIX FORCED POS-DEF BY ADDING  0.55787E-02 TO DIAGONAL.

 FCN=   444.4065     FROM HESSE     STATUS=NOT POSDEF    73 CALLS     1925 TOTAL
                     EDM=  0.89E-03    STRATEGY= 1      ERR MATRIX NOT POS-DEF

  EXT PARAMETER                APPROXIMATE        STEP         FIRST   
  NO.   NAME        VALUE          ERROR          SIZE      DERIVATIVE 
   1    Ag          1.0000       constant   
   2    As          3.3732       0.79467       0.70662E-03   0.87958E-01
   3    Av          1.0000       constant   
   4    ZERO        0.0000       constant   
   5    delBg      0.71024        1.5757       0.46313E-02   0.79352E-02
   6    delBs     -0.48989       0.87872E-01   0.13388E-03  -0.50023    
   7    delBv     -0.52784       0.32893E-01   0.58708E-04  -0.40678    
   8    delCg       91.239        113.79       0.28681       0.26634E-03
   9    delCs     -0.89127       0.30437       0.73322E-03  -0.99856E-01
  10    delCv      0.19848E-01   0.35744E-01   0.11502E-03   0.31515    
  11    delDg       0.0000       constant   
  12    delDs       0.0000       constant   
  13    delDv       0.0000       constant   
  14    delEg       0.0000       constant   
  15    delEs      0.39637       0.21507       0.22485E-03   0.44095    
  16    delEv     -0.46434       0.41209E-01   0.54078E-04   0.96149    
  17    delFs       0.0000       constant   
  18    delFv       0.0000       constant   
  19    gifl        0.0000       constant   
  20    sifl        1.0000       constant   
  21    vifl        2.0000       constant   

 MIGRAD MINIMIZATION HAS CONVERGED.

 MIGRAD WILL VERIFY CONVERGENCE AND ERROR MATRIX.
 EIGENVALUES OF SECOND-DERIVATIVE MATRIX:
        -0.2447E-03  0.4091E-02  0.6528E-02  0.3243E-01  0.5103E-01  0.4553E+00
         0.6708E+00  0.2584E+01  0.5196E+01
 MINUIT WARNING IN HESSE   
 ============== MATRIX FORCED POS-DEF BY ADDING  0.54406E-02 TO DIAGONAL.

 FCN=   444.3946     FROM MIGRAD    STATUS=CONVERGED    746 CALLS     2267 TOTAL
                     EDM=  0.19E-05    STRATEGY= 1      ERR MATRIX NOT POS-DEF

  EXT PARAMETER                APPROXIMATE        STEP         FIRST   
  NO.   NAME        VALUE          ERROR          SIZE      DERIVATIVE 
   1    Ag          1.0000       constant   
   2    As          3.8855       0.91624       0.80844E-03   0.59982E-03
   3    Av          1.0000       constant   
   4    ZERO        0.0000       constant   
   5    delBg      0.65979        1.5388       0.45898E-02   0.28532E-02
   6    delBs     -0.47518       0.87978E-01   0.13360E-03  -0.50915E-02
   7    delBv     -0.52858       0.32960E-01   0.58465E-04   0.14251    
   8    delCg       88.534        111.10       0.28417      -0.35159E-04
   9    delCs     -0.78224       0.30604       0.73075E-03  -0.65097E-02
  10    delCv      0.20335E-01   0.35759E-01   0.11494E-03  -0.37704E-01
  11    delDg       0.0000       constant   
  12    delDs       0.0000       constant   
  13    delDv       0.0000       constant   
  14    delEg       0.0000       constant   
  15    delEs      0.30293       0.19324       0.20555E-03   0.75083E-03
  16    delEv     -0.46610       0.41265E-01   0.53847E-04  -0.96744E-01
  17    delFs       0.0000       constant   
  18    delFv       0.0000       constant   
  19    gifl        0.0000       constant   
  20    sifl        1.0000       constant   
  21    vifl        2.0000       constant   

 EXTERNAL ERROR MATRIX.    NDIM=  50    NPAR=  9    ERR DEF=  1.00    
  0.839E+00 0.345E-01 0.353E-01-0.208E-02 0.236E+01 0.187E+00 0.370E-02-0.105E+00-0.659E-02
  0.345E-01 0.237E+01 0.718E-02-0.228E-02 0.157E+03-0.307E-01 0.681E-03 0.278E-01-0.877E-02
  0.353E-01 0.718E-02 0.774E-02 0.233E-03-0.125E+01 0.168E-01 0.804E-03 0.642E-02-0.313E-03
 -0.208E-02-0.228E-02 0.233E-03 0.109E-02-0.445E+00 0.447E-02 0.317E-03-0.474E-05 0.110E-02
  0.236E+01 0.157E+03-0.125E+01-0.445E+00 0.123E+05-0.590E+01-0.113E-01 0.553E-01-0.110E+01
  0.187E+00-0.307E-01 0.168E-01 0.447E-02-0.590E+01 0.937E-01 0.584E-02-0.470E-02 0.130E-02
  0.370E-02 0.681E-03 0.804E-03 0.317E-03-0.113E-01 0.584E-02 0.128E-02 0.210E-02-0.423E-03
 -0.105E+00 0.278E-01 0.642E-02-0.474E-05 0.553E-01-0.470E-02 0.210E-02 0.373E-01-0.151E-02
 -0.659E-02-0.877E-02-0.313E-03 0.110E-02-0.110E+01 0.130E-02-0.423E-03-0.151E-02 0.170E-02
 ERR MATRIX NOT POS-DEF

 PARAMETER  CORRELATION COEFFICIENTS
       NO.  GLOBAL     2     5     6     7     8     9    10    15    16
        2  0.99633  1.000 0.024 0.438-0.069 0.023 0.666 0.113-0.592-0.174
        5  0.95738  0.024 1.000 0.053-0.045 0.917-0.065 0.012 0.093-0.138
        6  0.98915  0.438 0.053 1.000 0.080-0.128 0.625 0.256 0.377-0.086
        7  0.98516 -0.069-0.045 0.080 1.000-0.122 0.443 0.269-0.001 0.811
        8  0.96888  0.023 0.917-0.128-0.122 1.000-0.174-0.003 0.003-0.240
        9  0.97297  0.666-0.065 0.625 0.443-0.174 1.000 0.534-0.080 0.103
       10  0.95039  0.113 0.012 0.256 0.269-0.003 0.534 1.000 0.303-0.286
       15  0.99471 -0.592 0.093 0.377-0.001 0.003-0.080 0.303 1.000-0.190
       16  0.99200 -0.174-0.138-0.086 0.811-0.240 0.103-0.286-0.190 1.000
 ERR MATRIX NOT POS-DEF
 **********
 **    3 **CALL FCN    3.000    
 **********
 **********
 **    4 **#SCAN #UNCOMMENT TO 
 **********
           UNKNOWN COMMAND IGNORED:#SCAN #UNCOMMENT To 
 **********
 **    5 **#SCAN    4.000    
 **********
           UNKNOWN COMMAND IGNORED:#SCAN 
 **********
 **    6 **#SCAN    5.000    
 **********
           UNKNOWN COMMAND IGNORED:#SCAN 
 **********
 **    7 **#SCAN    6.000    
 **********
           UNKNOWN COMMAND IGNORED:#SCAN 
