  MINUIT RELEASE 96.03  INITIALIZED.   DIMENSIONS 200/ 50  EPSMAC=  0.89E-15

 PARAMETER DEFINITIONS:
    NO.   NAME         VALUE      STEP SIZE      LIMITS
     1 'Ag        '    1.0000      constant
     2 'As        '    9.8200      0.50000         no limits
     3 'Av        '    1.0000      constant
     4 'ZERO      '    0.0000      constant
     5 'delBg     '    0.0000      0.20000         no limits
     6 'delBs     '    0.0000      0.30000         no limits
     7 'delBv     '    0.0000      0.30000E-01     no limits
     8 'delCg     '    0.0000       1.0000         no limits
     9 'delCs     '    0.0000       3.0000         no limits
    10 'delCv     '    0.0000      0.40000E-01     no limits
    11 'delDg     '    0.0000      constant
    12 'delDs     '    0.0000      constant
    13 'delDv     '    0.0000      constant
    14 'delEg     '    0.0000      0.10000         no limits
    15 'delEs     '    0.0000      0.10000         no limits
    16 'delEv     '    0.0000      0.10000         no limits
    17 'delFg     '    0.0000      constant
    18 'delFs     '    0.0000      0.10000         no limits
    19 'delFv     '    0.0000      0.10000         no limits
    20 'delGs     '    0.0000      constant
    21 'delGv     '    0.0000      constant
    22 'gifl      '    0.0000      constant
    23 'sifl      '    1.0000      constant
    24 'vifl      '    2.0000      constant
 **********
 **    1 **MINIMIZE #UNCOMMENT 
 **********

 FIRST CALL TO USER FUNCTION AT NEW START POINT, WITH IFLAG=4.
 START MIGRAD MINIMIZATION.  STRATEGY 1.  CONVERGENCE WHEN EDM .LT. 0.10E-03

 FCN=   454.3382     FROM MIGRAD    STATUS=INITIATE      44 CALLS       45 TOTAL
                     EDM= unknown      STRATEGY= 1      NO ERROR MATRIX       

  EXT PARAMETER               CURRENT GUESS       STEP         FIRST   
  NO.   NAME        VALUE          ERROR          SIZE      DERIVATIVE 
   1    Ag          1.0000       constant   
   2    As          9.8200       0.50000       0.50000       -4.2183    
   3    Av          1.0000       constant   
   4    ZERO        0.0000       constant   
   5    delBg       0.0000       0.20000       0.20000        1.6641    
   6    delBs       0.0000       0.30000       0.30000        62.382    
   7    delBv       0.0000       0.30000E-01   0.30000E-01    327.18    
   8    delCg       0.0000        1.0000        1.0000       0.19229E-01
   9    delCs       0.0000        3.0000        3.0000        11.158    
  10    delCv       0.0000       0.40000E-01   0.40000E-01   -267.65    
  11    delDg       0.0000       constant   
  12    delDs       0.0000       constant   
  13    delDv       0.0000       constant   
  14    delEg       0.0000       0.10000       0.10000      -0.62339E-01
  15    delEs       0.0000       0.10000       0.10000       -67.696    
  16    delEv       0.0000       0.10000       0.10000       -274.34    
  17    delFg       0.0000       constant   
  18    delFs       0.0000       0.10000       0.10000        46.658    
  19    delFv       0.0000       0.10000       0.10000        208.75    
  20    delGs       0.0000       constant   
  21    delGv       0.0000       constant   
  22    gifl        0.0000       constant   
  23    sifl        1.0000       constant   
  24    vifl        2.0000       constant   
 CALL LIMIT EXCEEDED IN MIGRAD.
 MIGRAD TERMINATED WITHOUT CONVERGENCE.

 FCN=   435.9053     FROM MIGRAD    STATUS=CALL LIMIT  2149 CALLS     2150 TOTAL
                     EDM=  0.15E-02  STRATEGY=1  ERROR MATRIX UNCERTAINTY= 36.5%

  EXT PARAMETER                APPROXIMATE        STEP         FIRST   
  NO.   NAME        VALUE          ERROR          SIZE      DERIVATIVE 
   1    Ag          1.0000       constant   
   2    As          15.226        5.7144       0.56138E-01  -0.44627E-01
   3    Av          1.0000       constant   
   4    ZERO        0.0000       constant   
   5    delBg       1.4540       0.65648       0.10460E-01  -0.37101E-02
   6    delBs      0.25315       0.16480       0.19528E-02    1.1931    
   7    delBv     -0.33293       0.54429E-01  -0.93382E-05    1.9285    
   8    delCg       67.251        29.953       0.27060      -0.31802E-03
   9    delCs      -3.5147       0.45694       0.49178E-02   0.17490    
  10    delCv     -0.35737       0.75579E-01   0.22484E-03  -0.98668    
  11    delDg       0.0000       constant   
  12    delDs       0.0000       constant   
  13    delDv       0.0000       constant   
  14    delEg      0.52333E-06   0.45412E-02  -0.11102E-04   0.59781E-01
  15    delEs      0.49701E-02   0.13317E-01  -0.17399E-03   0.29137E-01
  16    delEv     -0.13290       0.30086E-01  -0.17024E-03  -0.69141    
  17    delFg       0.0000       constant   
  18    delFs      0.29227E-02   0.19874E-02  -0.13945E-04    2.8559    
  19    delFv      0.13936       0.27154E-01  -0.10730E-03    3.2893    
  20    delGs       0.0000       constant   
  21    delGv       0.0000       constant   
  22    gifl        0.0000       constant   
  23    sifl        1.0000       constant   
  24    vifl        2.0000       constant   

 EXTERNAL ERROR MATRIX.    NDIM=  50    NPAR= 12    ERR DEF=  1.00    
 ELEMENTS ABOVE DIAGONAL ARE NOT PRINTED.
  0.327E+02
  0.131E+01 0.431E+00
  0.919E+00 0.403E-01 0.272E-01
 -0.601E-01 0.255E-02-0.799E-03 0.296E-02
  0.672E+02 0.153E+02 0.161E+01-0.312E+00 0.897E+03
  0.217E+01 0.106E+00 0.635E-01 0.800E-02 0.291E+01 0.209E+00
 -0.707E-01 0.427E-02-0.726E-03 0.403E-02-0.466E+00 0.125E-01 0.571E-02
 -0.122E-01-0.511E-03-0.338E-03 0.142E-04-0.109E-01-0.791E-03 0.588E-05 0.206E-04
 -0.115E-01-0.244E-02-0.291E-03-0.571E-04-0.114E+00-0.858E-03-0.132E-03 0.223E-04 0.177E-03
 -0.106E+00-0.422E-02-0.241E-02 0.134E-02-0.447E+00-0.205E-02 0.176E-02 0.420E-04 0.936E-04 0.905E-03
 -0.296E-02-0.278E-04-0.857E-04-0.186E-05 0.439E-02-0.215E-03-0.113E-04 0.494E-05 0.164E-04 0.123E-04 0.395E-05
  0.367E-01-0.190E-02 0.469E-03-0.139E-02 0.160E+00-0.296E-02-0.190E-02-0.137E-05 0.931E-04-0.658E-03 0.733E-05
  0.737E-03
 ERR MATRIX APPROXIMATE

 PARAMETER  CORRELATION COEFFICIENTS
       NO.  GLOBAL     2     5     6     7     8     9    10    14    15    16    18    19
        2  0.99982  1.000 0.350 0.976-0.193 0.393 0.829-0.164-0.470-0.151-0.615-0.261 0.237
        5  0.96856  0.350 1.000 0.373 0.071 0.777 0.353 0.086-0.171-0.279-0.214-0.021-0.106
        6  0.99954  0.976 0.373 1.000-0.089 0.327 0.843-0.058-0.451-0.132-0.487-0.262 0.105
        7  0.99875 -0.193 0.071-0.089 1.000-0.192 0.322 0.980 0.058-0.079 0.816-0.017-0.942
        8  0.96635  0.393 0.777 0.327-0.192 1.000 0.213-0.206-0.080-0.287-0.496 0.074 0.196
        9  0.99801  0.829 0.353 0.843 0.322 0.213 1.000 0.362-0.381-0.141-0.149-0.236-0.239
       10  0.99794 -0.164 0.086-0.058 0.980-0.206 0.362 1.000 0.017-0.131 0.775-0.075-0.925
       14  0.87622 -0.470-0.171-0.451 0.058-0.080-0.381 0.017 1.000 0.369 0.307 0.548-0.011
       15  0.95364 -0.151-0.279-0.132-0.079-0.287-0.141-0.131 0.369 1.000 0.234 0.621 0.257
       16  0.99678 -0.615-0.214-0.487 0.816-0.496-0.149 0.775 0.307 0.234 1.000 0.205-0.805
       18  0.77363 -0.261-0.021-0.262-0.017 0.074-0.236-0.075 0.548 0.621 0.205 1.000 0.136
       19  0.99574  0.237-0.106 0.105-0.942 0.196-0.239-0.925-0.011 0.257-0.805 0.136 1.000
 ERR MATRIX APPROXIMATE
 **********
 **    2 **CALL FCN    3.000    
 **********
 **********
 **    3 **MIGRAD   0.1000E+05
 **********
 START MIGRAD MINIMIZATION.  STRATEGY 1.  CONVERGENCE WHEN EDM .LT. 0.10E-03

 FCN=   435.9053     FROM MIGRAD    STATUS=INITIATE      28 CALLS     2179 TOTAL
                     EDM=  0.10E-02  STRATEGY=1  ERROR MATRIX UNCERTAINTY= 36.5%

  EXT PARAMETER                APPROXIMATE        STEP         FIRST   
  NO.   NAME        VALUE          ERROR          SIZE      DERIVATIVE 
   1    Ag          1.0000       constant   
   2    As          15.226        5.7144       0.56138E-01  -0.44627E-01
   3    Av          1.0000       constant   
   4    ZERO        0.0000       constant   
   5    delBg       1.4540       0.65648       0.10460E-01  -0.37103E-02
   6    delBs      0.25315       0.16480       0.19528E-02    1.1931    
   7    delBv     -0.33293       0.54429E-01  -0.93382E-05    1.9285    
   8    delCg       67.251        29.953       0.27060      -0.31803E-03
   9    delCs      -3.5147       0.45694       0.49178E-02   0.17490    
  10    delCv     -0.35737       0.75579E-01   0.22484E-03  -0.98668    
  11    delDg       0.0000       constant   
  12    delDs       0.0000       constant   
  13    delDv       0.0000       constant   
  14    delEg      0.52333E-06   0.45412E-02  -0.11102E-04   0.75211E-01
  15    delEs      0.49701E-02   0.13317E-01  -0.17399E-03   0.29137E-01
  16    delEv     -0.13290       0.30086E-01  -0.17024E-03  -0.69141    
  17    delFg       0.0000       constant   
  18    delFs      0.29227E-02   0.19874E-02  -0.13945E-04    3.6804    
  19    delFv      0.13936       0.27154E-01  -0.10730E-03    3.2893    
  20    delGs       0.0000       constant   
  21    delGv       0.0000       constant   
  22    gifl        0.0000       constant   
  23    sifl        1.0000       constant   
  24    vifl        2.0000       constant   
 MINUIT WARNING IN MIGRAD  
 ============== Negative diagonal element  8 in Error Matrix
 MINUIT WARNING IN MIGRAD  
 ============== Negative diagonal element  9 in Error Matrix
 MINUIT WARNING IN MIGRAD  
 ============== Negative diagonal element 11 in Error Matrix
 MINUIT WARNING IN MIGRAD  
 ==============     0.10E+01 added to diagonal of error matrix

 MIGRAD MINIMIZATION HAS CONVERGED.

 FCN=   435.8453     FROM MIGRAD    STATUS=CONVERGED    699 CALLS     2850 TOTAL
                     EDM=  0.57E-05  STRATEGY=1  ERROR MATRIX UNCERTAINTY=  0.3%

  EXT PARAMETER                                   STEP         FIRST   
  NO.   NAME        VALUE          ERROR          SIZE      DERIVATIVE 
   1    Ag          1.0000       constant   
   2    As          14.527        8.7612      -0.16929E-03  -0.81675E-02
   3    Av          1.0000       constant   
   4    ZERO        0.0000       constant   
   5    delBg       1.4805       0.79687      -0.15868E-04  -0.17162E-02
   6    delBs      0.24024       0.25487      -0.51808E-05   0.19596    
   7    delBv     -0.32084       0.77945E-01   0.62052E-06   0.36824    
   8    delCg       69.212        32.661      -0.21810E-03   0.72814E-04
   9    delCs      -3.6207       0.79450      -0.18730E-04   0.23929E-01
  10    delCv     -0.32273       0.17479       0.21422E-05  -0.19224    
  11    delDg       0.0000       constant   
  12    delDs       0.0000       constant   
  13    delDv       0.0000       constant   
  14    delEg      0.11282E-06   0.49827E-02   0.22596E-06   0.15642E-01
  15    delEs      0.29892E-03   0.61379E-02  -0.45594E-07   0.27531    
  16    delEv     -0.16486       0.15272      -0.25377E-05  -0.32304    
  17    delFg       0.0000       constant   
  18    delFs      0.23566E-03   0.67259E-03  -0.37431E-07   -3.1534    
  19    delFv      0.10856       0.14219      -0.22923E-05   0.31454    
  20    delGs       0.0000       constant   
  21    delGv       0.0000       constant   
  22    gifl        0.0000       constant   
  23    sifl        1.0000       constant   
  24    vifl        2.0000       constant   

 EXTERNAL ERROR MATRIX.    NDIM=  50    NPAR= 12    ERR DEF=  1.00    
 ELEMENTS ABOVE DIAGONAL ARE NOT PRINTED.
  0.768E+02
  0.116E+01 0.635E+00
  0.218E+01 0.408E-01 0.650E-01
 -0.285E+00 0.373E-02-0.536E-02 0.608E-02
 -0.460E+02 0.195E+02-0.145E+01 0.128E+00 0.107E+04
  0.628E+01 0.118E+00 0.171E+00-0.216E-01-0.488E+01 0.631E+00
 -0.580E+00 0.540E-02-0.934E-02 0.126E-01 0.261E+00-0.634E-01 0.306E-01
 -0.255E-02-0.160E-03-0.959E-04 0.103E-05-0.374E-02-0.251E-03 0.240E-05 0.248E-04
 -0.422E-02-0.401E-03-0.921E-04-0.202E-04 0.211E-02-0.349E-03-0.426E-04-0.876E-05 0.377E-04
  0.285E+00 0.276E-02 0.255E-02-0.663E-02-0.330E+00 0.618E-01-0.219E-01-0.631E-05 0.111E-04 0.233E-01
 -0.455E-03-0.443E-04-0.101E-04-0.229E-05 0.264E-03-0.383E-04-0.479E-05-0.870E-06 0.408E-05 0.113E-05 0.452E-06
  0.494E+00 0.183E-03 0.815E-02-0.889E-02-0.299E+00 0.649E-01-0.238E-01-0.785E-05 0.805E-05 0.202E-01 0.916E-06
  0.202E-01

 PARAMETER  CORRELATION COEFFICIENTS
       NO.  GLOBAL     2     5     6     7     8     9    10    14    15    16    18    19
        2  0.99944  1.000 0.167 0.975-0.417-0.161 0.902-0.379-0.058-0.078 0.213-0.077 0.396
        5  0.91951  0.167 1.000 0.201 0.060 0.749 0.186 0.039-0.040-0.082 0.023-0.083 0.002
        6  0.99869  0.975 0.201 1.000-0.270-0.175 0.845-0.210-0.076-0.059 0.065-0.059 0.225
        7  0.99742 -0.417 0.060-0.270 1.000 0.050-0.350 0.926 0.003-0.042-0.557-0.044-0.802
        8  0.91897 -0.161 0.749-0.175 0.050 1.000-0.188 0.046-0.023 0.011-0.066 0.012-0.064
        9  0.99608  0.902 0.186 0.845-0.350-0.188 1.000-0.456-0.063-0.072 0.509-0.072 0.575
       10  0.99844 -0.379 0.039-0.210 0.926 0.046-0.456 1.000 0.003-0.040-0.820-0.041-0.958
       14  0.36323 -0.058-0.040-0.076 0.003-0.023-0.063 0.003 1.000-0.287-0.008-0.260-0.011
       15  0.98831 -0.078-0.082-0.059-0.042 0.011-0.072-0.040-0.287 1.000 0.012 0.988 0.009
       16  0.99895  0.213 0.023 0.065-0.557-0.066 0.509-0.820-0.008 0.012 1.000 0.011 0.932
       18  0.98800 -0.077-0.083-0.059-0.044 0.012-0.072-0.041-0.260 0.988 0.011 1.000 0.010
       19  0.99889  0.396 0.002 0.225-0.802-0.064 0.575-0.958-0.011 0.009 0.932 0.010 1.000
 **********
 **    4 **#SCAN #UNCOMMENT TO 
 **********
           UNKNOWN COMMAND IGNORED:#SCAN #UNCOMMENT To 
 **********
 **    5 **#SCAN    4.000    
 **********
           UNKNOWN COMMAND IGNORED:#SCAN 
 **********
 **    6 **#SCAN    5.000    
 **********
           UNKNOWN COMMAND IGNORED:#SCAN 
 **********
 **    7 **#SCAN    6.000    
 **********
           UNKNOWN COMMAND IGNORED:#SCAN 
