# Output file containing the functional from each flavor 

# xf(x) = <xf>*x^Sc1*(1-x)^Sc2*(1+fbezier(x)) 

# gluon -- metamorph 0
<xf> = 0.27536
Scm[1] = -0.37
Scm[2] = 2.84

C[0] = 0.00138864
C[1] = 8.25437
C[2] = -52.0606
# sea  -- metamorph 1
<xf> = 0.16995
Scm[1] = 0.77
Scm[2] = 8.48

C[0] = -0.00504632
C[1] = 0.707027
C[2] = -13.3098
# valence  -- metamorph 2
<xf> = 0.554689
Scm[1] = 0.75
Scm[2] = 0.94

C[0] = -0.00078015
C[1] = 0.0235119
C[2] = -0.139172
