  MINUIT RELEASE 96.03  INITIALIZED.   DIMENSIONS 200/ 50  EPSMAC=  0.89E-15

 PARAMETER DEFINITIONS:
    NO.   NAME         VALUE      STEP SIZE      LIMITS
     1 'Ag        '   0.42000      0.10000         no limits
     2 'As        '    1.0000      constant
     3 'Av        '    1.0000      constant
     4 'ZERO      '    0.0000      constant
     5 'delBg     '    0.0000      0.20000         no limits
     6 'delBs     '    0.0000      0.30000         no limits
     7 'delBv     '    0.0000      0.30000E-01     no limits
     8 'delCg     '    0.0000       1.0000         no limits
     9 'delCs     '    0.0000       3.0000         no limits
    10 'delCv     '    0.0000      0.40000E-01     no limits
    11 'delDg     '    0.0000      constant
    12 'delDs     '    0.0000      constant
    13 'delDv     '    0.0000      constant
    14 'delEg     '    0.0000      0.10000         no limits
    15 'delEs     '    0.0000      0.10000         no limits
    16 'delEv     '    0.0000      0.10000         no limits
    17 'delFg     '    0.0000      constant
    18 'delFs     '    0.0000      0.10000         no limits
    19 'delFv     '    0.0000      0.10000         no limits
    20 'delGs     '    0.0000      constant
    21 'delGv     '    0.0000      constant
    22 'gifl      '    0.0000      constant
    23 'sifl      '    1.0000      constant
    24 'vifl      '    2.0000      constant
 **********
 **    1 **MINIMIZE #UNCOMMENT 
 **********

 FIRST CALL TO USER FUNCTION AT NEW START POINT, WITH IFLAG=4.
 START MIGRAD MINIMIZATION.  STRATEGY 1.  CONVERGENCE WHEN EDM .LT. 0.10E-03

 FCN=   456.2462     FROM MIGRAD    STATUS=INITIATE      48 CALLS       49 TOTAL
                     EDM= unknown      STRATEGY= 1      NO ERROR MATRIX       

  EXT PARAMETER               CURRENT GUESS       STEP         FIRST   
  NO.   NAME        VALUE          ERROR          SIZE      DERIVATIVE 
   1    Ag         0.42000       0.10000       0.10000        218.61    
   2    As          1.0000       constant   
   3    Av          1.0000       constant   
   4    ZERO        0.0000       constant   
   5    delBg       0.0000       0.20000       0.20000       -260.05    
   6    delBs       0.0000       0.30000       0.30000       -35.205    
   7    delBv       0.0000       0.30000E-01   0.30000E-01    601.38    
   8    delCg       0.0000        1.0000        1.0000       -15.446    
   9    delCs       0.0000        3.0000        3.0000        4.5915    
  10    delCv       0.0000       0.40000E-01   0.40000E-01   -403.58    
  11    delDg       0.0000       constant   
  12    delDs       0.0000       constant   
  13    delDv       0.0000       constant   
  14    delEg       0.0000       0.10000       0.10000        109.11    
  15    delEs       0.0000       0.10000       0.10000        94.923    
  16    delEv       0.0000       0.10000       0.10000       -1356.0    
  17    delFg       0.0000       constant   
  18    delFs       0.0000       0.10000       0.10000       -204.92    
  19    delFv       0.0000       0.10000       0.10000        2054.1    
  20    delGs       0.0000       constant   
  21    delGv       0.0000       constant   
  22    gifl        0.0000       constant   
  23    sifl        1.0000       constant   
  24    vifl        2.0000       constant   
 MIGRAD FAILS TO FIND IMPROVEMENT
 EIGENVALUES OF SECOND-DERIVATIVE MATRIX:
        -0.9106E-03  0.8910E-03  0.1482E-02  0.3959E-01  0.7988E-01  0.8352E-01
         0.1742E+00  0.4452E+00  0.9029E+00  0.1044E+01  0.1910E+01  0.7319E+01
 MINUIT WARNING IN HESSE   
 ============== MATRIX FORCED POS-DEF BY ADDING  0.82294E-02 TO DIAGONAL.

 FCN=   451.4342     FROM HESSE     STATUS=NOT POSDEF   121 CALLS      463 TOTAL
                     EDM=  0.39E-01    STRATEGY= 1      ERR MATRIX NOT POS-DEF

  EXT PARAMETER                APPROXIMATE        STEP         FIRST   
  NO.   NAME        VALUE          ERROR          SIZE      DERIVATIVE 
   1    Ag         0.42189       0.13835       0.17225E-03  -0.66271    
   2    As          1.0000       constant   
   3    Av          1.0000       constant   
   4    ZERO        0.0000       constant   
   5    delBg     -0.50550E-02   0.80221E-01   0.13765E-03   0.43975    
   6    delBs      0.88774E-02   0.26106       0.84019E-03   0.11548    
   7    delBv     -0.18704E-01   0.66734E-01   0.73258E-04   -2.0999    
   8    delCg      0.19645E-01   0.94652       0.24573E-02   0.90663E-01
   9    delCs      0.19534E-01    1.5893       0.58501E-02  -0.14142E-01
  10    delCv      0.10128E-02   0.36158E-01   0.10088E-03    1.1426    
  11    delDg       0.0000       constant   
  12    delDs       0.0000       constant   
  13    delDv       0.0000       constant   
  14    delEg      0.11906E-03   0.94441E-02   0.35568E-03    6.5119    
  15    delEs      0.80230E-06   0.64772E-02   0.25419E-03   -33.001    
  16    delEv     -0.35813E-03   0.27899E-01   0.30758E-04    20.794    
  17    delFg       0.0000       constant   
  18    delFs      0.23085E-04   0.31881E-02   0.13653E-03    70.845    
  19    delFv      0.19463E-03   0.14081E-01   0.19086E-04   -19.096    
  20    delGs       0.0000       constant   
  21    delGv       0.0000       constant   
  22    gifl        0.0000       constant   
  23    sifl        1.0000       constant   
  24    vifl        2.0000       constant   
 CALL LIMIT EXCEEDED IN MIGRAD.
 MIGRAD TERMINATED WITHOUT CONVERGENCE.

 FCN=   443.3754     FROM MIGRAD    STATUS=CALL LIMIT  2146 CALLS     2147 TOTAL
                     EDM=  0.21E+00    STRATEGY= 1      ERR MATRIX NOT POS-DEF

  EXT PARAMETER                APPROXIMATE        STEP         FIRST   
  NO.   NAME        VALUE          ERROR          SIZE      DERIVATIVE 
   1    Ag         0.20152       0.11235       0.27697E-01   -9.5765    
   2    As          1.0000       constant   
   3    Av          1.0000       constant   
   4    ZERO        0.0000       constant   
   5    delBg     -0.12041       0.98953E-01   0.16525E-01    5.9172    
   6    delBs      0.98569E-01   0.10353       0.31640E-02    10.929    
   7    delBv     -0.48220       0.46275E-01  -0.80960E-02   -155.08    
   8    delCg       6.5778        13.181        3.0918       0.43091E-01
   9    delCs      -1.1496       0.75128      -0.16090E-01   -1.8673    
  10    delCv     -0.45915E-01   0.61980E-01   0.84113E-02    42.021    
  11    delDg       0.0000       constant   
  12    delDs       0.0000       constant   
  13    delDv       0.0000       constant   
  14    delEg     -0.23058E-02   0.11980E-01  -0.28990E-02   -8.3673    
  15    delEs     -0.11027E-01   0.29362E-01  -0.62781E-02   -54.786    
  16    delEv     -0.36367       0.94277E-01  -0.18149E-01    230.30    
  17    delFg       0.0000       constant   
  18    delFs     -0.36475E-02   0.97080E-02  -0.20099E-02    105.04    
  19    delFv     -0.98472E-01   0.50840E-01  -0.71154E-02   -336.15    
  20    delGs       0.0000       constant   
  21    delGv       0.0000       constant   
  22    gifl        0.0000       constant   
  23    sifl        1.0000       constant   
  24    vifl        2.0000       constant   

 EXTERNAL ERROR MATRIX.    NDIM=  50    NPAR= 12    ERR DEF=  1.00    
 ELEMENTS ABOVE DIAGONAL ARE NOT PRINTED.
  0.126E-01
  0.823E-02 0.979E-02
 -0.343E-03-0.164E-02 0.107E-01
 -0.893E-04 0.521E-03 0.971E-03 0.214E-02
  0.116E+01 0.474E+00-0.281E+00-0.295E+00 0.174E+03
 -0.266E-01-0.312E-01 0.546E-01-0.526E-02-0.248E+01 0.564E+00
  0.480E-02 0.386E-02-0.431E-03 0.791E-03 0.393E+00-0.251E-01 0.384E-02
 -0.643E-03-0.243E-03 0.244E-03 0.403E-03-0.124E+00 0.341E-03-0.878E-04 0.144E-03
 -0.285E-02-0.140E-02 0.594E-03 0.347E-03-0.371E+00 0.795E-02-0.118E-02 0.231E-03 0.862E-03
 -0.725E-02-0.537E-02 0.283E-02 0.120E-02-0.919E+00 0.446E-01-0.468E-02 0.576E-03 0.216E-02 0.889E-02
 -0.935E-03-0.460E-03 0.192E-03 0.101E-03-0.120E+00 0.269E-02-0.394E-03 0.744E-04 0.284E-03 0.710E-03 0.942E-04
 -0.396E-02-0.318E-02 0.130E-02-0.111E-03-0.395E+00 0.276E-01-0.288E-02 0.169E-03 0.106E-02 0.454E-02 0.351E-03
  0.258E-02
 ERR MATRIX NOT POS-DEF

 PARAMETER  CORRELATION COEFFICIENTS
       NO.  GLOBAL     1     5     6     7     8     9    10    14    15    16    18    19
        1  0.99832  1.000 0.740-0.029-0.017 0.785-0.315 0.690-0.478-0.864-0.685-0.857-0.693
        5  0.99367  0.740 1.000-0.160 0.114 0.363-0.420 0.629-0.205-0.482-0.575-0.479-0.633
        6  0.97592 -0.029-0.160 1.000 0.203-0.206 0.702-0.067 0.197 0.195 0.290 0.191 0.246
        7  0.99979 -0.017 0.114 0.203 1.000-0.483-0.151 0.276 0.727 0.256 0.274 0.226-0.047
        8  0.99949  0.785 0.363-0.206-0.483 1.000-0.251 0.481-0.784-0.959-0.739-0.941-0.589
        9  0.97568 -0.315-0.420 0.702-0.151-0.251 1.000-0.539 0.038 0.360 0.630 0.368 0.721
       10  0.99595  0.690 0.629-0.067 0.276 0.481-0.539 1.000-0.118-0.646-0.801-0.655-0.915
       14  0.92372 -0.478-0.205 0.197 0.727-0.784 0.038-0.118 1.000 0.656 0.510 0.639 0.277
       15  0.99983 -0.864-0.482 0.195 0.256-0.959 0.360-0.646 0.656 1.000 0.781 0.997 0.707
       16  0.99998 -0.685-0.575 0.290 0.274-0.739 0.630-0.801 0.510 0.781 1.000 0.775 0.947
       18  0.99963 -0.857-0.479 0.191 0.226-0.941 0.368-0.655 0.639 0.997 0.775 1.000 0.711
       19  0.99998 -0.693-0.633 0.246-0.047-0.589 0.721-0.915 0.277 0.707 0.947 0.711 1.000
 ERR MATRIX NOT POS-DEF
 **********
 **    2 **CALL FCN    3.000    
 **********
 **********
 **    3 **MIGRAD   0.1000E+05
 **********
 START MIGRAD MINIMIZATION.  STRATEGY 1.  CONVERGENCE WHEN EDM .LT. 0.10E-03

 FCN=   443.3754     FROM MIGRAD    STATUS=INITIATE      24 CALLS     2172 TOTAL
                     EDM=  0.23E+00    STRATEGY= 1      ERR MATRIX NOT POS-DEF

  EXT PARAMETER                APPROXIMATE        STEP         FIRST   
  NO.   NAME        VALUE          ERROR          SIZE      DERIVATIVE 
   1    Ag         0.20152       0.11235       0.27697E-01   -9.5765    
   2    As          1.0000       constant   
   3    Av          1.0000       constant   
   4    ZERO        0.0000       constant   
   5    delBg     -0.12041       0.98953E-01   0.16525E-01    5.9172    
   6    delBs      0.98569E-01   0.10353       0.31640E-02    10.929    
   7    delBv     -0.48220       0.46275E-01  -0.80960E-02   -155.08    
   8    delCg       6.5778        13.181        3.0918       0.43091E-01
   9    delCs      -1.1496       0.75128      -0.16090E-01   -1.8673    
  10    delCv     -0.45915E-01   0.61980E-01   0.84113E-02    42.021    
  11    delDg       0.0000       constant   
  12    delDs       0.0000       constant   
  13    delDv       0.0000       constant   
  14    delEg     -0.23058E-02   0.11980E-01  -0.28990E-02   -8.3673    
  15    delEs     -0.11027E-01   0.29362E-01  -0.62781E-02   -55.294    
  16    delEv     -0.36367       0.94277E-01  -0.18149E-01    230.30    
  17    delFg       0.0000       constant   
  18    delFs     -0.36475E-02   0.97080E-02  -0.20099E-02    106.66    
  19    delFv     -0.98472E-01   0.50840E-01  -0.71154E-02   -336.15    
  20    delGs       0.0000       constant   
  21    delGv       0.0000       constant   
  22    gifl        0.0000       constant   
  23    sifl        1.0000       constant   
  24    vifl        2.0000       constant   
 MINUIT WARNING IN MIGRAD  
 ============== Negative diagonal element  1 in Error Matrix
 MINUIT WARNING IN MIGRAD  
 ============== Negative diagonal element  2 in Error Matrix
 MINUIT WARNING IN MIGRAD  
 ============== Negative diagonal element  4 in Error Matrix
 MINUIT WARNING IN MIGRAD  
 ============== Negative diagonal element  5 in Error Matrix
 MINUIT WARNING IN MIGRAD  
 ============== Negative diagonal element  6 in Error Matrix
 MINUIT WARNING IN MIGRAD  
 ============== Negative diagonal element  7 in Error Matrix
 MINUIT WARNING IN MIGRAD  
 ============== Negative diagonal element  8 in Error Matrix
 MINUIT WARNING IN MIGRAD  
 ============== Negative diagonal element  9 in Error Matrix
 MINUIT WARNING IN MIGRAD  
 ============== Negative diagonal element 11 in Error Matrix
 MINUIT WARNING IN MIGRAD  
 ==============     0.79E+03 added to diagonal of error matrix
 EIGENVALUES OF SECOND-DERIVATIVE MATRIX:
        -0.6645E+01  0.1000E+01  0.1000E+01  0.1000E+01  0.1000E+01  0.1000E+01
         0.1000E+01  0.1000E+01  0.1000E+01  0.1000E+01  0.1005E+01  0.8640E+01
 MINUIT WARNING IN MIGRAD  
 ============== MATRIX FORCED POS-DEF BY ADDING   6.6534     TO DIAGONAL.
 MIGRAD FAILS TO FIND IMPROVEMENT

 MIGRAD MINIMIZATION HAS CONVERGED.

 MIGRAD WILL VERIFY CONVERGENCE AND ERROR MATRIX.
 EIGENVALUES OF SECOND-DERIVATIVE MATRIX:
        -0.1505E+00 -0.7243E-01  0.3561E-04  0.6361E-03  0.1763E-02  0.2531E-01
         0.5790E-01  0.1709E+00  0.5384E+00  0.1336E+01  0.2150E+01  0.7941E+01
 MINUIT WARNING IN HESSE   
 ============== MATRIX FORCED POS-DEF BY ADDING  0.15845     TO DIAGONAL.

 FCN=   441.6980     FROM HESSE     STATUS=NOT POSDEF   119 CALLS     6755 TOTAL
                     EDM=  0.13E+01    STRATEGY= 1      ERR MATRIX NOT POS-DEF

  EXT PARAMETER                APPROXIMATE        STEP         FIRST   
  NO.   NAME        VALUE          ERROR          SIZE      DERIVATIVE 
   1    Ag          3.0849       0.74506       0.33899E-02  -0.11872    
   2    As          1.0000       constant   
   3    Av          1.0000       constant   
   4    ZERO        0.0000       constant   
   5    delBg      0.36778       0.53089E-01   0.25489E-03   0.10994    
   6    delBs      0.10240       0.52903E-01   0.30218E-03  -0.17793    
   7    delBv     -0.50512       0.27087E-02   0.12825E-04    2.8962    
   8    delCg       34.112        9.5902       0.44465E-01   0.17601E-02
   9    delCs      -1.0526       0.24377       0.17003E-02   0.90248E-01
  10    delCv     -0.62754E-01   0.13869E-01   0.90419E-04   -1.6109    
  11    delDg       0.0000       constant   
  12    delDs       0.0000       constant   
  13    delDv       0.0000       constant   
  14    delEg     -0.26153E-01   0.35511       0.11991E-02   -6.4482    
  15    delEs     -0.32941E-05   0.63563E-02   0.72444E-05   -40.768    
  16    delEv     -0.37004       0.19422E-02   0.91371E-05   -3.1877    
  17    delFg       0.0000       constant   
  18    delFs      0.94952E-06   0.31849E-02   0.31533E-05    85.365    
  19    delFv     -0.92296E-01   0.11818E-02   0.56580E-05    2.7353    
  20    delGs       0.0000       constant   
  21    delGv       0.0000       constant   
  22    gifl        0.0000       constant   
  23    sifl        1.0000       constant   
  24    vifl        2.0000       constant   
 MIGRAD FAILS TO FIND IMPROVEMENT
 MIGRAD TERMINATED WITHOUT CONVERGENCE.

 FCN=   440.9121     FROM MIGRAD    STATUS=FAILED      6469 CALLS     8617 TOTAL
                     EDM=  0.63E-02    STRATEGY= 1      ERR MATRIX NOT POS-DEF

  EXT PARAMETER                APPROXIMATE        STEP         FIRST   
  NO.   NAME        VALUE          ERROR          SIZE      DERIVATIVE 
   1    Ag          49.301        69.089        0.0000      -0.20357E-01
   2    As          1.0000       constant   
   3    Av          1.0000       constant   
   4    ZERO        0.0000       constant   
   5    delBg      0.89733       0.29351        0.0000        3.4496    
   6    delBs      0.12638       0.11956       -0.0000        2.4491    
   7    delBv     -0.51418       0.16647E-01   -0.0000       -72.698    
   8    delCg       58.153        33.816        0.0000       0.20850E-01
   9    delCs     -0.88056       0.52208       -0.0000      -0.20468    
  10    delCv     -0.72753E-01   0.31013E-01   -0.0000        7.9918    
  11    delDg       0.0000       constant   
  12    delDs       0.0000       constant   
  13    delDv       0.0000       constant   
  14    delEg     -0.82420E-04   0.70941E-02   -0.0000       -6.4918    
  15    delEs     -0.45259E-04   0.17995E-01   -0.0000       -21.719    
  16    delEv     -0.36406       0.13510E-01    0.0000        87.555    
  17    delFg       0.0000       constant   
  18    delFs     -0.17221E-04   0.85377E-02   -0.0000        60.959    
  19    delFv     -0.84778E-01   0.15128E-01    0.0000       -140.09    
  20    delGs       0.0000       constant   
  21    delGv       0.0000       constant   
  22    gifl        0.0000       constant   
  23    sifl        1.0000       constant   
  24    vifl        2.0000       constant   

 EXTERNAL ERROR MATRIX.    NDIM=  50    NPAR= 12    ERR DEF=  1.00    
 ELEMENTS ABOVE DIAGONAL ARE NOT PRINTED.
  0.477E+04
  0.191E+02 0.861E-01
 -0.138E+01-0.257E-02 0.143E-01
 -0.113E+01-0.457E-02 0.230E-03 0.277E-03
  0.147E+04 0.362E+01-0.216E+01-0.314E+00 0.114E+04
  0.774E+01 0.402E-01 0.516E-01-0.209E-02-0.329E+01 0.273E+00
 -0.163E+01-0.644E-02 0.138E-02 0.393E-03-0.562E+00 0.360E-02 0.962E-03
 -0.655E-01-0.155E-03 0.940E-04 0.112E-04-0.431E-01 0.223E-03 0.332E-04 0.503E-04
 -0.772E+00-0.298E-02 0.722E-03 0.170E-03-0.348E+00 0.361E-03 0.309E-03 0.485E-04 0.324E-03
  0.922E+00 0.366E-02-0.343E-03-0.215E-03 0.287E+00 0.111E-02-0.330E-03-0.147E-04-0.151E-03 0.183E-03
 -0.376E+00-0.145E-02 0.369E-03 0.829E-04-0.172E+00 0.256E-03 0.152E-03 0.257E-04 0.153E-03-0.736E-04 0.729E-04
  0.104E+01 0.415E-02-0.283E-03-0.247E-03 0.324E+00 0.183E-02-0.349E-03-0.139E-04-0.167E-03 0.202E-03-0.815E-04
  0.229E-03
 ERR MATRIX NOT POS-DEF

 PARAMETER  CORRELATION COEFFICIENTS
       NO.  GLOBAL     1     5     6     7     8     9    10    14    15    16    18    19
        1  0.99947  1.000 0.940-0.167-0.980 0.630 0.215-0.761-0.134-0.621 0.987-0.638 0.997
        5  0.99897  0.940 1.000-0.073-0.935 0.365 0.262-0.707-0.075-0.564 0.924-0.578 0.935
        6  0.97687 -0.167-0.073 1.000 0.116-0.534 0.826 0.372 0.111 0.335-0.213 0.361-0.156
        7  0.99833 -0.980-0.935 0.116 1.000-0.557-0.241 0.761 0.095 0.567-0.957 0.583-0.980
        8  0.99712  0.630 0.365-0.534-0.557 1.000-0.186-0.536-0.180-0.571 0.629-0.595 0.634
        9  0.95175  0.215 0.262 0.826-0.241-0.186 1.000 0.222 0.060 0.038 0.157 0.057 0.232
       10  0.96447 -0.761-0.707 0.372 0.761-0.536 0.222 1.000 0.151 0.553-0.788 0.574-0.744
       14  0.92640 -0.134-0.075 0.111 0.095-0.180 0.060 0.151 1.000 0.380-0.154 0.425-0.129
       15  0.99931 -0.621-0.564 0.335 0.567-0.571 0.038 0.553 0.380 1.000-0.621 0.996-0.614
       16  0.99879  0.987 0.924-0.213-0.957 0.629 0.157-0.788-0.154-0.621 1.000-0.638 0.987
       18  0.99944 -0.638-0.578 0.361 0.583-0.595 0.057 0.574 0.425 0.996-0.638 1.000-0.631
       19  0.99958  0.997 0.935-0.156-0.980 0.634 0.232-0.744-0.129-0.614 0.987-0.631 1.000
 ERR MATRIX NOT POS-DEF
 **********
 **    4 **#SCAN #UNCOMMENT TO 
 **********
           UNKNOWN COMMAND IGNORED:#SCAN #UNCOMMENT To 
 **********
 **    5 **#SCAN    4.000    
 **********
           UNKNOWN COMMAND IGNORED:#SCAN 
 **********
 **    6 **#SCAN    5.000    
 **********
           UNKNOWN COMMAND IGNORED:#SCAN 
 **********
 **    7 **#SCAN    6.000    
 **********
           UNKNOWN COMMAND IGNORED:#SCAN 
