# Output file containing the functional from each flavor 

# xf(x) = <xf>*x^Sc1*(1-x)^Sc2*(1+fbezier(x)) 

# gluon -- metamorph 0
<xf> = 0.270013
Scm[1] = -0.370653
Scm[2] = 2.87817

C[0] = -8.18415e-08
C[1] = 0.0649575
# sea  -- metamorph 1
<xf> = 0.176849
Scm[1] = 0.748251
Scm[2] = 8.12681

C[0] = 1.28218e-06
C[1] = -1.01767
# valence  -- metamorph 2
<xf> = 0.553138
Scm[1] = 0.750205
Scm[2] = 0.9387

C[0] = 8.18415e-08
C[1] = -0.0649575
