  MINUIT RELEASE 96.03  INITIALIZED.   DIMENSIONS 200/ 50  EPSMAC=  0.89E-15

 PARAMETER DEFINITIONS:
    NO.   NAME         VALUE      STEP SIZE      LIMITS
     1 'Ag        '    1.0000      constant
     2 'As        '    9.8200      0.50000         no limits
     3 'Av        '    1.0000      constant
     4 'ZERO      '    0.0000      constant
     5 'delBg     '    0.0000      0.20000         no limits
     6 'delBs     '    0.0000      0.30000         no limits
     7 'delBv     '    0.0000      0.30000E-01     no limits
     8 'delCg     '    0.0000       1.0000         no limits
     9 'delCs     '    0.0000       3.0000         no limits
    10 'delCv     '    0.0000      0.40000E-01     no limits
    11 'delDg     '    0.0000      constant
    12 'delDs     '    0.0000      constant
    13 'delDv     '    0.0000      constant
    14 'delEg     '    0.0000      constant
    15 'delEs     '    0.0000      0.10000         no limits
    16 'delEv     '    0.0000      0.10000         no limits
    17 'delFs     '    0.0000      constant
    18 'delFv     '    0.0000      constant
    19 'gifl      '    0.0000      constant
    20 'sifl      '    1.0000      constant
    21 'vifl      '    2.0000      constant
 **********
 **    1 **MINIMIZE #UNCOMMENT 
 **********

 FIRST CALL TO USER FUNCTION AT NEW START POINT, WITH IFLAG=4.
 START MIGRAD MINIMIZATION.  STRATEGY 1.  CONVERGENCE WHEN EDM .LT. 0.10E-03

 FCN=   451.4404     FROM MIGRAD    STATUS=INITIATE      32 CALLS       33 TOTAL
                     EDM= unknown      STRATEGY= 1      NO ERROR MATRIX       

  EXT PARAMETER               CURRENT GUESS       STEP         FIRST   
  NO.   NAME        VALUE          ERROR          SIZE      DERIVATIVE 
   1    Ag          1.0000       constant   
   2    As          9.8200       0.50000       0.50000       0.14101    
   3    Av          1.0000       constant   
   4    ZERO        0.0000       constant   
   5    delBg       0.0000       0.20000       0.20000       0.21237    
   6    delBs       0.0000       0.30000       0.30000       -2.2062    
   7    delBv       0.0000       0.30000E-01   0.30000E-01   -6.2413    
   8    delCg       0.0000        1.0000        1.0000      -0.22103E-01
   9    delCs       0.0000        3.0000        3.0000      -0.32598    
  10    delCv       0.0000       0.40000E-01   0.40000E-01    4.3283    
  11    delDg       0.0000       constant   
  12    delDs       0.0000       constant   
  13    delDv       0.0000       constant   
  14    delEg       0.0000       constant   
  15    delEs       0.0000       0.10000       0.10000       0.30546    
  16    delEv       0.0000       0.10000       0.10000       -17.064    
  17    delFs       0.0000       constant   
  18    delFv       0.0000       constant   
  19    gifl        0.0000       constant   
  20    sifl        1.0000       constant   
  21    vifl        2.0000       constant   
 CALL LIMIT EXCEEDED IN MIGRAD.
 MIGRAD TERMINATED WITHOUT CONVERGENCE.

 FCN=   449.1030     FROM MIGRAD    STATUS=CALL LIMIT  1517 CALLS     1518 TOTAL
                     EDM=  0.16E-02  STRATEGY=1  ERROR MATRIX UNCERTAINTY= 22.6%

  EXT PARAMETER                APPROXIMATE        STEP         FIRST   
  NO.   NAME        VALUE          ERROR          SIZE      DERIVATIVE 
   1    Ag          1.0000       constant   
   2    As         0.67553       0.54520       0.82055E-03  -0.76965E-01
   3    Av          1.0000       constant   
   4    ZERO        0.0000       constant   
   5    delBg      0.37477E-01   0.19062      -0.80839E-04  -0.21006E-01
   6    delBs     -0.56523       0.15872       0.85969E-04   0.35183    
   7    delBv     -0.14751E-01   0.37862E-01   0.67318E-04  -0.59943    
   8    delCg     -0.20472        1.5753       0.63187E-03  -0.17571E-01
   9    delCs      0.11798        1.1544      -0.34342E-03   0.11425E-02
  10    delCv     -0.50505E-01   0.67564E-01   0.16094E-03    1.3926    
  11    delDg       0.0000       constant   
  12    delDs       0.0000       constant   
  13    delDv       0.0000       constant   
  14    delEg       0.0000       constant   
  15    delEs       6.4813        4.1840       0.21853E-02  -0.86007E-02
  16    delEv      0.61496E-01   0.70293E-01  -0.15486E-03   0.79077    
  17    delFs       0.0000       constant   
  18    delFv       0.0000       constant   
  19    gifl        0.0000       constant   
  20    sifl        1.0000       constant   
  21    vifl        2.0000       constant   

 EXTERNAL ERROR MATRIX.    NDIM=  50    NPAR=  9    ERR DEF=  1.00    
  0.297E+00 0.141E-01 0.745E-01-0.580E-02 0.159E+00 0.256E+00-0.152E-01-0.193E+01 0.146E-01
  0.141E-01 0.363E-01 0.950E-02-0.493E-03 0.235E+00 0.175E-01 0.180E-02-0.735E-01-0.225E-02
  0.745E-01 0.950E-02 0.252E-01-0.196E-02 0.108E+00 0.909E-01-0.369E-02-0.376E+00 0.322E-02
 -0.580E-02-0.493E-03-0.196E-02 0.143E-02 0.365E-02-0.186E-01 0.213E-02 0.195E-01-0.188E-02
  0.159E+00 0.235E+00 0.108E+00 0.365E-02 0.248E+01 0.105E+00 0.160E-01-0.478E+00-0.157E-01
  0.256E+00 0.175E-01 0.909E-01-0.186E-01 0.105E+00 0.133E+01-0.266E-01 0.408E+00 0.330E-01
 -0.152E-01 0.180E-02-0.369E-02 0.213E-02 0.160E-01-0.266E-01 0.456E-02 0.722E-01-0.449E-02
 -0.193E+01-0.735E-01-0.376E+00 0.195E-01-0.478E+00 0.408E+00 0.722E-01 0.175E+02-0.548E-01
  0.146E-01-0.225E-02 0.322E-02-0.188E-02-0.157E-01 0.330E-01-0.449E-02-0.548E-01 0.494E-02
 ERR MATRIX APPROXIMATE

 PARAMETER  CORRELATION COEFFICIENTS
       NO.  GLOBAL     2     5     6     7     8     9    10    15    16
        2  0.99742  1.000 0.136 0.861-0.281 0.185 0.406-0.413-0.845 0.381
        5  0.84157  0.136 1.000 0.314-0.068 0.782 0.079 0.140-0.092-0.168
        6  0.97939  0.861 0.314 1.000-0.327 0.430 0.496-0.344-0.566 0.288
        7  0.96477 -0.281-0.068-0.327 1.000 0.061-0.426 0.832 0.123-0.706
        8  0.86910  0.185 0.782 0.430 0.061 1.000 0.058 0.150-0.072-0.142
        9  0.97968  0.406 0.079 0.496-0.426 0.058 1.000-0.341 0.084 0.407
       10  0.98792 -0.413 0.140-0.344 0.832 0.150-0.341 1.000 0.255-0.945
       15  0.99440 -0.845-0.092-0.566 0.123-0.072 0.084 0.255 1.000-0.186
       16  0.97258  0.381-0.168 0.288-0.706-0.142 0.407-0.945-0.186 1.000
 ERR MATRIX APPROXIMATE
 **********
 **    2 **MIGRAD    3000.    
 **********
 START MIGRAD MINIMIZATION.  STRATEGY 1.  CONVERGENCE WHEN EDM .LT. 0.10E-03

 FCN=   449.1030     FROM MIGRAD    STATUS=INITIATE      18 CALLS     1536 TOTAL
                     EDM=  0.56E-03  STRATEGY=1  ERROR MATRIX UNCERTAINTY= 22.6%

  EXT PARAMETER                APPROXIMATE        STEP         FIRST   
  NO.   NAME        VALUE          ERROR          SIZE      DERIVATIVE 
   1    Ag          1.0000       constant   
   2    As         0.67553       0.54520       0.82055E-03  -0.76965E-01
   3    Av          1.0000       constant   
   4    ZERO        0.0000       constant   
   5    delBg      0.37477E-01   0.19062      -0.80839E-04  -0.21006E-01
   6    delBs     -0.56523       0.15872       0.85969E-04   0.35183    
   7    delBv     -0.14751E-01   0.37862E-01   0.67318E-04  -0.59943    
   8    delCg     -0.20472        1.5753       0.63187E-03  -0.17571E-01
   9    delCs      0.11798        1.1544      -0.34342E-03   0.11425E-02
  10    delCv     -0.50505E-01   0.67564E-01   0.16094E-03    1.3926    
  11    delDg       0.0000       constant   
  12    delDs       0.0000       constant   
  13    delDv       0.0000       constant   
  14    delEg       0.0000       constant   
  15    delEs       6.4813        4.1840       0.21853E-02  -0.86007E-02
  16    delEv      0.61496E-01   0.70293E-01  -0.15486E-03   0.79077    
  17    delFs       0.0000       constant   
  18    delFv       0.0000       constant   
  19    gifl        0.0000       constant   
  20    sifl        1.0000       constant   
  21    vifl        2.0000       constant   

 MIGRAD MINIMIZATION HAS CONVERGED.

 MIGRAD WILL VERIFY CONVERGENCE AND ERROR MATRIX.
 EIGENVALUES OF SECOND-DERIVATIVE MATRIX:
        -0.9104E-04  0.9213E-02  0.1958E-01  0.1281E+00  0.1633E+00  0.2270E+00
         0.1445E+01  0.1833E+01  0.5175E+01
 MINUIT WARNING IN HESSE   
 ============== MATRIX FORCED POS-DEF BY ADDING  0.52658E-02 TO DIAGONAL.

 FCN=   449.0988     FROM MIGRAD    STATUS=CONVERGED    277 CALLS     1795 TOTAL
                     EDM=  0.24E-05    STRATEGY= 1      ERR MATRIX NOT POS-DEF

  EXT PARAMETER                APPROXIMATE        STEP         FIRST   
  NO.   NAME        VALUE          ERROR          SIZE      DERIVATIVE 
   1    Ag          1.0000       constant   
   2    As         0.58966       0.39740       0.35518E-03   0.10687E-01
   3    Av          1.0000       constant   
   4    ZERO        0.0000       constant   
   5    delBg      0.42398E-01   0.20099       0.11447E-02   0.11604E-02
   6    delBs     -0.59231       0.16978       0.35658E-03  -0.21760E-01
   7    delBv     -0.14696E-01   0.35107E-01   0.10551E-03  -0.98711E-02
   8    delCg     -0.19470        1.4182       0.80434E-02   0.60371E-03
   9    delCs      0.31204E-01    1.1655       0.23901E-02   0.86632E-04
  10    delCv     -0.50789E-01   0.61324E-01   0.11500E-03   0.19231E-01
  11    delDg       0.0000       constant   
  12    delDs       0.0000       constant   
  13    delDv       0.0000       constant   
  14    delEg       0.0000       constant   
  15    delEs       7.0717        4.1370       0.49568E-02   0.14829E-03
  16    delEv      0.61402E-01   0.63867E-01   0.17741E-03   0.15660E-01
  17    delFs       0.0000       constant   
  18    delFv       0.0000       constant   
  19    gifl        0.0000       constant   
  20    sifl        1.0000       constant   
  21    vifl        2.0000       constant   

 EXTERNAL ERROR MATRIX.    NDIM=  50    NPAR=  9    ERR DEF=  1.00    
  0.158E+00-0.764E-02 0.524E-01-0.620E-03 0.479E-02 0.189E+00-0.153E-02-0.116E+01 0.239E-02
 -0.764E-02 0.404E-01-0.375E-02-0.773E-03 0.203E+00-0.315E-01 0.804E-03-0.598E-01-0.153E-02
  0.524E-01-0.375E-02 0.288E-01-0.108E-02 0.521E-01 0.124E+00-0.868E-03-0.139E+00 0.109E-02
 -0.620E-03-0.773E-03-0.108E-02 0.123E-02-0.412E-02-0.130E-01 0.168E-02-0.185E-01-0.139E-02
  0.479E-02 0.203E+00 0.521E-01-0.412E-02 0.201E+01 0.934E-01 0.897E-03 0.637E+00-0.225E-02
  0.189E+00-0.315E-01 0.124E+00-0.130E-01 0.934E-01 0.136E+01-0.143E-01 0.138E+01 0.229E-01
 -0.153E-02 0.804E-03-0.868E-03 0.168E-02 0.897E-03-0.143E-01 0.376E-02-0.286E-01-0.363E-02
 -0.116E+01-0.598E-01-0.139E+00-0.185E-01 0.637E+00 0.138E+01-0.286E-01 0.171E+02 0.419E-01
  0.239E-02-0.153E-02 0.109E-02-0.139E-02-0.225E-02 0.229E-01-0.363E-02 0.419E-01 0.408E-02
 ERR MATRIX NOT POS-DEF

 PARAMETER  CORRELATION COEFFICIENTS
       NO.  GLOBAL     2     5     6     7     8     9    10    15    16
        2  0.99629  1.000-0.096 0.777-0.044 0.008 0.409-0.063-0.703 0.094
        5  0.83624 -0.096 1.000-0.110-0.110 0.711-0.134 0.065-0.072-0.119
        6  0.97935  0.777-0.110 1.000-0.182 0.217 0.628-0.083-0.198 0.101
        7  0.95723 -0.044-0.110-0.182 1.000-0.083-0.317 0.780-0.128-0.618
        8  0.83760  0.008 0.711 0.217-0.083 1.000 0.057 0.010 0.109-0.025
        9  0.98032  0.409-0.134 0.628-0.317 0.057 1.000-0.200 0.286 0.307
       10  0.98357 -0.063 0.065-0.083 0.780 0.010-0.200 1.000-0.113-0.928
       15  0.99331 -0.703-0.072-0.198-0.128 0.109 0.286-0.113 1.000 0.158
       16  0.96356  0.094-0.119 0.101-0.618-0.025 0.307-0.928 0.158 1.000
 ERR MATRIX NOT POS-DEF
 **********
 **    3 **CALL FCN    3.000    
 **********
 **********
 **    4 **#SCAN #UNCOMMENT TO 
 **********
           UNKNOWN COMMAND IGNORED:#SCAN #UNCOMMENT To 
 **********
 **    5 **#SCAN    4.000    
 **********
           UNKNOWN COMMAND IGNORED:#SCAN 
 **********
 **    6 **#SCAN    5.000    
 **********
           UNKNOWN COMMAND IGNORED:#SCAN 
 **********
 **    7 **#SCAN    6.000    
 **********
           UNKNOWN COMMAND IGNORED:#SCAN 
