# Output file containing the functional from each flavor 

# xf(x) = <xf>*x^Sc1*(1-x)^Sc2*(1+fbezier(x)) 

# gluon -- metamorph 0
<xf> = 0.268682
Scm[1] = -0.374257
Scm[2] = 2.82621

C[0] = -3.73525e-09
C[1] = 3.32399e-06
# sea  -- metamorph 1
<xf> = 0.179725
Scm[1] = 0.732935
Scm[2] = 8.18723

C[0] = -9.59964e-10
C[1] = 8.54271e-07
# valence  -- metamorph 2
<xf> = 0.551593
Scm[1] = 0.743198
Scm[2] = 0.95178

C[0] = -5.3734e-07
C[1] = 0.000478178
