# Output file containing the functional from each flavor 

# xf(x) = <xf>*x^Sc1*(1-x)^Sc2*(1+fbezier(x)) 

# gluon -- metamorph 0
<xf> = 0.123216
Scm[1] = -0.570229
Scm[2] = 11.2431

C[0] = -3.64565e-07
C[1] = 1.23247e-06
C[2] = -2.15628e-07
# sea  -- metamorph 1
<xf> = 0.432539
Scm[1] = 0.490411
Scm[2] = 3.55441

C[0] = -1.07233e-05
C[1] = 3.6252e-05
C[2] = -6.34247e-06
# valence  -- metamorph 2
<xf> = 0.444245
Scm[1] = 0.496112
Scm[2] = 1.00942

C[0] = 0.496715
C[1] = -1.67923
C[2] = 0.29379
