# Output file containing the functional from each flavor 

# xf(x) = <xf>*x^Sc1*(1-x)^Sc2*(1+fbezier(x)) 

# gluon -- metamorph 0
<xf> = 0.192343
Scm[1] = -0.494972
Scm[2] = 2.8291

C[0] = 9.04718e-09
C[1] = -8.05107e-06
# sea  -- metamorph 1
<xf> = 0.31652
Scm[1] = 0.48114
Scm[2] = 4.45619

C[0] = 6.06769e-10
C[1] = -5.39963e-07
# valence  -- metamorph 2
<xf> = 0.491137
Scm[1] = 0.284037
Scm[2] = 0.975256

C[0] = -0.00745902
C[1] = 6.63777
