  MINUIT RELEASE 96.03  INITIALIZED.   DIMENSIONS 200/ 50  EPSMAC=  0.89E-15

 PARAMETER DEFINITIONS:
    NO.   NAME         VALUE      STEP SIZE      LIMITS
     1 'Ag        '   0.42000      0.10000         no limits
     2 'As        '    1.0000      constant
     3 'Av        '    1.0000      constant
     4 'ZERO      '    0.0000      constant
     5 'delBg     '    0.0000      0.20000         no limits
     6 'delBs     '    0.0000      0.30000         no limits
     7 'delBv     '    0.0000      0.30000E-01     no limits
     8 'delCg     '    0.0000       1.0000         no limits
     9 'delCs     '    0.0000       3.0000         no limits
    10 'delCv     '    0.0000      0.40000E-01     no limits
    11 'delDg     '    0.0000      constant
    12 'delDs     '    0.0000      constant
    13 'delDv     '    0.0000      constant
    14 'delEg     '    0.0000      0.10000         no limits
    15 'delEs     '    0.0000      0.10000         no limits
    16 'delEv     '    0.0000      0.10000         no limits
    17 'delFg     '    0.0000      constant
    18 'delFs     '    0.0000      0.10000         no limits
    19 'delFv     '    0.0000      0.10000         no limits
    20 'delGs     '    0.0000      constant
    21 'delGv     '    0.0000      constant
    22 'gifl      '    0.0000      constant
    23 'sifl      '    1.0000      constant
    24 'vifl      '    2.0000      constant
 **********
 **    1 **MINIMIZE #UNCOMMENT 
 **********

 FIRST CALL TO USER FUNCTION AT NEW START POINT, WITH IFLAG=4.
 START MIGRAD MINIMIZATION.  STRATEGY 1.  CONVERGENCE WHEN EDM .LT. 0.10E-03

 FCN=   456.3493     FROM MIGRAD    STATUS=INITIATE      48 CALLS       49 TOTAL
                     EDM= unknown      STRATEGY= 1      NO ERROR MATRIX       

  EXT PARAMETER               CURRENT GUESS       STEP         FIRST   
  NO.   NAME        VALUE          ERROR          SIZE      DERIVATIVE 
   1    Ag         0.42000       0.10000       0.10000        218.61    
   2    As          1.0000       constant   
   3    Av          1.0000       constant   
   4    ZERO        0.0000       constant   
   5    delBg       0.0000       0.20000       0.20000       -260.05    
   6    delBs       0.0000       0.30000       0.30000       -35.205    
   7    delBv       0.0000       0.30000E-01   0.30000E-01    601.34    
   8    delCg       0.0000        1.0000        1.0000       -15.446    
   9    delCs       0.0000        3.0000        3.0000        4.5915    
  10    delCv       0.0000       0.40000E-01   0.40000E-01   -403.54    
  11    delDg       0.0000       constant   
  12    delDs       0.0000       constant   
  13    delDv       0.0000       constant   
  14    delEg       0.0000       0.10000       0.10000        40.713    
  15    delEs       0.0000       0.10000       0.10000       -26.195    
  16    delEv       0.0000       0.10000       0.10000       -424.08    
  17    delFg       0.0000       constant   
  18    delFs       0.0000       0.10000       0.10000        15.015    
  19    delFv       0.0000       0.10000       0.10000        420.40    
  20    delGs       0.0000       constant   
  21    delGv       0.0000       constant   
  22    gifl        0.0000       constant   
  23    sifl        1.0000       constant   
  24    vifl        2.0000       constant   
 CALL LIMIT EXCEEDED IN MIGRAD.
 MIGRAD TERMINATED WITHOUT CONVERGENCE.

 FCN=   438.6131     FROM MIGRAD    STATUS=CALL LIMIT  2141 CALLS     2142 TOTAL
                     EDM=  0.72E-03  STRATEGY=1  ERROR MATRIX UNCERTAINTY=  6.5%

  EXT PARAMETER                APPROXIMATE        STEP         FIRST   
  NO.   NAME        VALUE          ERROR          SIZE      DERIVATIVE 
   1    Ag         0.81309       0.20429      -0.42721E-02   0.63139    
   2    As          1.0000       constant   
   3    Av          1.0000       constant   
   4    ZERO        0.0000       constant   
   5    delBg      0.10200       0.72589E-01  -0.11541E-02   -1.4016    
   6    delBs      0.81346E-01   0.20382      -0.67213E-04  -0.50620E-01
   7    delBv     -0.28690       0.63728E-01  -0.95291E-03    3.4228    
   8    delCg       7.0593       0.24042       0.34635E-02  -0.20611    
   9    delCs      -3.7840       0.55308      -0.33660E-02  -0.72324E-01
  10    delCv     -0.27587       0.78026E-01  -0.11054E-02  -0.90152    
  11    delDg       0.0000       constant   
  12    delDs       0.0000       constant   
  13    delDv       0.0000       constant   
  14    delEg     -0.49928E-03   0.95707E-02  -0.18075E-03   -3.5324    
  15    delEs      0.82062E-02   0.26215E-02   0.71396E-05   -3.4045    
  16    delEv     -0.11846       0.26171E-01  -0.33923E-03   -3.5313    
  17    delFg       0.0000       constant   
  18    delFs      0.47343E-02   0.20072E-02  -0.32013E-04    4.9367    
  19    delFv      0.97461E-01   0.30363E-01   0.49933E-03    4.6401    
  20    delGs       0.0000       constant   
  21    delGv       0.0000       constant   
  22    gifl        0.0000       constant   
  23    sifl        1.0000       constant   
  24    vifl        2.0000       constant   

 EXTERNAL ERROR MATRIX.    NDIM=  50    NPAR= 12    ERR DEF=  1.00    
 ELEMENTS ABOVE DIAGONAL ARE NOT PRINTED.
  0.417E-01
  0.129E-01 0.527E-02
 -0.203E-01-0.888E-02 0.415E-01
  0.919E-02 0.238E-02-0.491E-02 0.406E-02
 -0.361E-01-0.112E-01 0.210E-01-0.829E-02 0.578E-01
 -0.230E-01-0.165E-01 0.928E-01 0.377E-02 0.342E-01 0.306E+00
  0.110E-01 0.266E-02-0.612E-02 0.489E-02-0.956E-02 0.483E-02 0.609E-02
  0.392E-03 0.115E-03 0.247E-03-0.641E-04-0.165E-03 0.458E-03-0.533E-04 0.916E-04
  0.108E-03 0.419E-04-0.999E-04 0.220E-04-0.109E-03-0.226E-03 0.235E-04-0.787E-05 0.687E-05
  0.392E-02 0.968E-03-0.285E-02 0.157E-02-0.393E-02-0.180E-02 0.188E-02-0.476E-04 0.119E-04 0.685E-03
  0.112E-03 0.375E-04-0.290E-04 0.786E-05-0.249E-04-0.542E-04 0.103E-04 0.100E-04 0.999E-06 0.224E-05 0.403E-05
 -0.532E-02-0.142E-02 0.335E-02-0.178E-02 0.513E-02 0.255E-02-0.213E-02 0.226E-04-0.152E-04-0.772E-03-0.726E-05
  0.922E-03
 ERR MATRIX APPROXIMATE

 PARAMETER  CORRELATION COEFFICIENTS
       NO.  GLOBAL     1     5     6     7     8     9    10    14    15    16    18    19
        1  0.99615  1.000 0.868-0.488 0.706-0.734-0.204 0.691 0.200 0.201 0.733 0.273-0.858
        5  0.99283  0.868 1.000-0.600 0.515-0.641-0.411 0.470 0.165 0.220 0.509 0.258-0.644
        6  0.95991 -0.488-0.600 1.000-0.378 0.428 0.823-0.385 0.127-0.187-0.534-0.071 0.541
        7  0.99877  0.706 0.515-0.378 1.000-0.541 0.107 0.983-0.105 0.132 0.939 0.061-0.921
        8  0.83027 -0.734-0.641 0.428-0.541 1.000 0.257-0.510-0.072-0.172-0.624-0.052 0.702
        9  0.97916 -0.204-0.411 0.823 0.107 0.257 1.000 0.112 0.086-0.156-0.125-0.049 0.152
       10  0.99561  0.691 0.470-0.385 0.983-0.510 0.112 1.000-0.071 0.115 0.919 0.066-0.898
       14  0.87276  0.200 0.165 0.127-0.105-0.072 0.086-0.071 1.000-0.314-0.190 0.523 0.078
       15  0.62336  0.201 0.220-0.187 0.132-0.172-0.156 0.115-0.314 1.000 0.174 0.190-0.190
       16  0.99485  0.733 0.509-0.534 0.939-0.624-0.125 0.919-0.190 0.174 1.000 0.043-0.971
       18  0.71661  0.273 0.258-0.071 0.061-0.052-0.049 0.066 0.523 0.190 0.043 1.000-0.119
       19  0.99734 -0.858-0.644 0.541-0.921 0.702 0.152-0.898 0.078-0.190-0.971-0.119 1.000
 ERR MATRIX APPROXIMATE
 **********
 **    2 **CALL FCN    3.000    
 **********
 **********
 **    3 **MIGRAD   0.1000E+05
 **********
 START MIGRAD MINIMIZATION.  STRATEGY 1.  CONVERGENCE WHEN EDM .LT. 0.10E-03

 FCN=   438.6131     FROM MIGRAD    STATUS=INITIATE      36 CALLS     2179 TOTAL
                     EDM=  0.56E-03  STRATEGY=1  ERROR MATRIX UNCERTAINTY=  6.5%

  EXT PARAMETER                APPROXIMATE        STEP         FIRST   
  NO.   NAME        VALUE          ERROR          SIZE      DERIVATIVE 
   1    Ag         0.81309       0.20429      -0.42721E-02   0.63139    
   2    As          1.0000       constant   
   3    Av          1.0000       constant   
   4    ZERO        0.0000       constant   
   5    delBg      0.10200       0.72589E-01  -0.11541E-02   -1.4016    
   6    delBs      0.81346E-01   0.20382      -0.67213E-04  -0.50620E-01
   7    delBv     -0.28690       0.63728E-01  -0.95291E-03    3.4228    
   8    delCg       7.0593       0.24042       0.34635E-02  -0.20611    
   9    delCs      -3.7840       0.55308      -0.33660E-02  -0.72324E-01
  10    delCv     -0.27587       0.78026E-01  -0.11054E-02  -0.90152    
  11    delDg       0.0000       constant   
  12    delDs       0.0000       constant   
  13    delDv       0.0000       constant   
  14    delEg     -0.49928E-03   0.95707E-02  -0.18075E-03  -0.16835E-01
  15    delEs      0.82062E-02   0.26215E-02   0.71396E-05   -4.9605    
  16    delEv     -0.11846       0.26171E-01  -0.33923E-03   -3.5313    
  17    delFg       0.0000       constant   
  18    delFs      0.47343E-02   0.20072E-02  -0.32013E-04    9.7181    
  19    delFv      0.97461E-01   0.30363E-01   0.49933E-03    4.6401    
  20    delGs       0.0000       constant   
  21    delGv       0.0000       constant   
  22    gifl        0.0000       constant   
  23    sifl        1.0000       constant   
  24    vifl        2.0000       constant   
 MIGRAD FAILS TO FIND IMPROVEMENT

 MIGRAD MINIMIZATION HAS CONVERGED.

 FCN=   438.5932     FROM MIGRAD    STATUS=CONVERGED    651 CALLS     2794 TOTAL
                     EDM=  0.88E-04  STRATEGY=1  ERROR MATRIX UNCERTAINTY=  3.0%

  EXT PARAMETER                                   STEP         FIRST   
  NO.   NAME        VALUE          ERROR          SIZE      DERIVATIVE 
   1    Ag         0.79530       0.20845       -0.0000       0.18724E-01
   2    As          1.0000       constant   
   3    Av          1.0000       constant   
   4    ZERO        0.0000       constant   
   5    delBg      0.96315E-01   0.74031E-01   -0.0000       0.79491E-01
   6    delBs      0.71048E-01   0.21156        0.0000       0.41931E-01
   7    delBv     -0.28630       0.63172E-01   -0.0000      -0.43469    
   8    delCg       7.1673       0.78397E-01    0.0000      -0.15925    
   9    delCs      -3.8099       0.55668        0.0000      -0.55956E-02
  10    delCv     -0.27609       0.78238E-01   -0.0000       0.28449    
  11    delDg       0.0000       constant   
  12    delDs       0.0000       constant   
  13    delDv       0.0000       constant   
  14    delEg     -0.13324E-02   0.56357E-02    0.0000       -3.7101    
  15    delEs      0.83447E-02   0.34840E-02   -0.0000       0.39197    
  16    delEv     -0.11747       0.26234E-01   -0.0000       0.39223    
  17    delFg       0.0000       constant   
  18    delFs      0.46309E-02   0.24971E-02    0.0000       0.34559    
  19    delFv      0.97475E-01   0.30636E-01    0.0000       0.20406E-01
  20    delGs       0.0000       constant   
  21    delGv       0.0000       constant   
  22    gifl        0.0000       constant   
  23    sifl        1.0000       constant   
  24    vifl        2.0000       constant   

 EXTERNAL ERROR MATRIX.    NDIM=  50    NPAR= 12    ERR DEF=  1.00    
 ELEMENTS ABOVE DIAGONAL ARE NOT PRINTED.
  0.434E-01
  0.136E-01 0.548E-02
 -0.232E-01-0.962E-02 0.448E-01
  0.968E-02 0.267E-02-0.601E-02 0.399E-02
 -0.578E-02-0.176E-02 0.658E-03-0.675E-03 0.615E-02
 -0.291E-01-0.175E-01 0.983E-01 0.287E-03-0.303E-03 0.310E+00
  0.117E-01 0.301E-02-0.732E-02 0.486E-02-0.938E-03 0.122E-02 0.612E-02
  0.645E-03 0.189E-03-0.105E-03 0.913E-04-0.327E-03 0.367E-06 0.123E-03 0.318E-04
  0.110E-04 0.166E-04-0.118E-03 0.871E-05 0.515E-04-0.334E-03 0.518E-05-0.666E-05 0.121E-04
  0.418E-02 0.110E-02-0.340E-02 0.155E-02-0.218E-03-0.347E-02 0.188E-02 0.334E-04 0.764E-05 0.688E-03
  0.261E-03 0.810E-04-0.642E-04 0.345E-04-0.948E-04-0.642E-04 0.450E-04 0.116E-04-0.203E-05 0.132E-04 0.624E-05
 -0.559E-02-0.156E-02 0.395E-02-0.178E-02 0.456E-03 0.430E-02-0.215E-02-0.581E-04-0.746E-05-0.783E-03-0.232E-04
  0.939E-03

 PARAMETER  CORRELATION COEFFICIENTS
       NO.  GLOBAL     1     5     6     7     8     9    10    14    15    16    18    19
        1  0.99529  1.000 0.880-0.525 0.735-0.354-0.251 0.719 0.549 0.015 0.764 0.501-0.875
        5  0.99093  0.880 1.000-0.615 0.571-0.303-0.425 0.521 0.454 0.065 0.568 0.438-0.688
        6  0.96205 -0.525-0.615 1.000-0.450 0.040 0.835-0.442-0.088-0.160-0.612-0.122 0.610
        7  0.99843  0.735 0.571-0.450 1.000-0.136 0.008 0.983 0.256 0.040 0.937 0.219-0.921
        8  0.78438 -0.354-0.303 0.040-0.136 1.000-0.007-0.153-0.741 0.189-0.106-0.484 0.190
        9  0.97724 -0.251-0.425 0.835 0.008-0.007 1.000 0.028 0.000-0.172-0.237-0.046 0.252
       10  0.99514  0.719 0.521-0.442 0.983-0.153 0.028 1.000 0.279 0.019 0.916 0.231-0.898
       14  0.93245  0.549 0.454-0.088 0.256-0.741 0.000 0.279 1.000-0.339 0.226 0.826-0.337
       15  0.45929  0.015 0.065-0.160 0.040 0.189-0.172 0.019-0.339 1.000 0.084-0.233-0.070
       16  0.99419  0.764 0.568-0.612 0.937-0.106-0.237 0.916 0.226 0.084 1.000 0.202-0.974
       18  0.85367  0.501 0.438-0.122 0.219-0.484-0.046 0.231 0.826-0.233 0.202 1.000-0.303
       19  0.99687 -0.875-0.688 0.610-0.921 0.190 0.252-0.898-0.337-0.070-0.974-0.303 1.000
 **********
 **    4 **#SCAN #UNCOMMENT TO 
 **********
           UNKNOWN COMMAND IGNORED:#SCAN #UNCOMMENT To 
 **********
 **    5 **#SCAN    4.000    
 **********
           UNKNOWN COMMAND IGNORED:#SCAN 
 **********
 **    6 **#SCAN    5.000    
 **********
           UNKNOWN COMMAND IGNORED:#SCAN 
 **********
 **    7 **#SCAN    6.000    
 **********
           UNKNOWN COMMAND IGNORED:#SCAN 
