# Output file containing the functional from each flavor 

# xf(x) = <xf>*x^Sc1*(1-x)^Sc2*(1+fbezier(x)) 

# gluon -- metamorph 0
<xf> = 0.283374
Scm[1] = -0.37
Scm[2] = 2.87

C[0] = -1.31449e-05
C[1] = 5.21659
C[2] = -38.4399
# sea  -- metamorph 1
<xf> = 0.16262
Scm[1] = 0.75
Scm[2] = 8.25

C[0] = -2.79911e-06
C[1] = 1.11084
C[2] = -22.1055
# valence  -- metamorph 2
<xf> = 0.554006
Scm[1] = 0.75
Scm[2] = 0.94

C[0] = -4.928e-08
C[1] = 0.0195568
C[2] = -0.147223
