# Output file containing the functional from each flavor 

# xf(x) = <xf>*x^Sc1*(1-x)^Sc2*(1+fbezier(x)) 

# gluon -- metamorph 0
<xf> = 0.268684
Scm[1] = 0
Scm[2] = 2.82621

C[0] = 0.00504859
C[1] = -2.24756
C[2] = 2.11822
# sea  -- metamorph 1
<xf> = 0.179774
Scm[1] = 0.732935
Scm[2] = 8.18723

C[0] = -2.41828e-09
C[1] = 1.07658e-06
C[2] = -1.01463e-06
# valence  -- metamorph 2
<xf> = 0.551541
Scm[1] = 0.743198
Scm[2] = 0.95178

C[0] = -4.78448e-07
C[1] = 0.000212998
C[2] = -0.000200741
