# Output file containing the functional from each flavor 

# xf(x) = <xf>*x^Sc1*(1-x)^Sc2*(1+fbezier(x)) 

# gluon -- metamorph 0
<xf> = 0.269865
Scm[1] = -0.373339
Scm[2] = 2.83821

C[0] = 1.09122e-07
C[1] = -0.08661
# sea  -- metamorph 1
<xf> = 0.177256
Scm[1] = 0.76938
Scm[2] = 8.48447

C[0] = 3.54646e-07
C[1] = -0.281483
# valence  -- metamorph 2
<xf> = 0.552879
Scm[1] = 0.749463
Scm[2] = 0.938034

C[0] = 8.18415e-08
C[1] = -0.0649575
