# Output file containing the functional from each flavor 

# xf(x) = <xf>*x^Sc1*(1-x)^Sc2*(1+fbezier(x)) 

# gluon -- metamorph 0
<xf> = 0
Scm[1] = 0
Scm[2] = 0

C[0] = 0
# sea  -- metamorph 1
<xf> = 0.643421
Scm[1] = -0.287496
Scm[2] = 4.58918

C[0] = 0.0707668
C[1] = -4.40877
C[2] = 95.006
C[3] = -36.8147
# valence  -- metamorph 2
<xf> = 0.356579
Scm[1] = 0.285649
Scm[2] = 0.612201

C[0] = 0.412821
C[1] = -4.36527
C[2] = 4.6524
C[3] = -1.59349
