# Output file containing the functional from each flavor 

# xf(x) = <xf>*x^Sc1*(1-x)^Sc2*(1+fbezier(x)) 

# gluon -- metamorph 0
<xf> = 0.134722
Scm[1] = 1.35548
Scm[2] = 88.8634

C[0] = 4.6941e-09
C[1] = -4.17727e-06
# sea  -- metamorph 1
<xf> = 0.427151
Scm[1] = 0.938997
Scm[2] = 4.47464

C[0] = 1.40908e-05
C[1] = -1.54462
C[2] = 1.45651
# valence  -- metamorph 2
<xf> = 0.438127
Scm[1] = 0.0681885
Scm[2] = 0.924375

C[0] = -0.963213
C[1] = -0.370998
C[2] = 0.563949
