# Output file containing the functional from each flavor 

# xf(x) = <xf>*x^Sc1*(1-x)^Sc2*(1+fbezier(x)) 

# gluon -- metamorph 0
<xf> = 0.323264
Scm[1] = -0.131531
Scm[2] = 6.8585

C[0] = -1.07909e-05
C[1] = 8.56477
# sea  -- metamorph 1
<xf> = 0.125748
Scm[1] = 2
Scm[2] = 17.6701

C[0] = -2.58131e-05
C[1] = 20.4878
# valence  -- metamorph 2
<xf> = 0.550988
Scm[1] = 0.757083
Scm[2] = 0.903294

C[0] = 2.91072e-07
C[1] = -0.231024
